# From STOOGS::ZHANG@chevron.comThu Apr  4 14:54:44 1996
# fluo:  0.47M solution  % data + comment
# fluo: STEP =  1.0398, pre-edge line: mux = -.0005432 *E +  1.31128
# FLUO: STEP =   .1203, pre-edge line: mux =  .0000438 *E +  -.03991
# Date: Thu, 4 Apr 1996 11:23:18 -0800 (PST)
# From: "STOOGS::ZHANG"@chevron.com
# To: dani@krazy.phys.washington.edu
# Subject: ASCII 0.47M (NH4)2SO4 Solution XANES File
# 0.5M (NH4)2SO4 RT-XANES Feb96 X19A Si(111)
# 11:10:44  14-FEB-96
# INPUT TO FMERGE:                                 F5KJE      109     0.  0.10
# 0E+01  1.
# 6QN5Q      110     0.  0.100E+01  1.
#---------------------------------------------------------------------
#     energy          xmu        
  0.2322100E+04   0.1738743E-01
  0.2324100E+04   0.1568728E-01
  0.2326100E+04   0.1288487E-01
  0.2328100E+04   0.1204300E-01
  0.2330100E+04   0.1197482E-01
  0.2332100E+04   0.8475085E-02
  0.2334100E+04   0.6342233E-02
  0.2336100E+04   0.1474553E-02
  0.2338100E+04   0.4242107E-02
  0.2340100E+04   0.4186705E-03
  0.2342100E+04   -.5637820E-03
  0.2344100E+04   -.3850735E-02
  0.2346100E+04   -.3234107E-02
  0.2348100E+04   -.4783423E-02
  0.2350100E+04   -.5016012E-02
  0.2352100E+04   -.6177887E-02
  0.2354100E+04   -.6940179E-02
  0.2356100E+04   -.4584250E-02
  0.2358100E+04   -.4972912E-02
  0.2360100E+04   -.4963414E-02
  0.2362100E+04   -.7448802E-02
  0.2364100E+04   -.5643771E-02
  0.2366100E+04   -.5731723E-02
  0.2368100E+04   -.7264600E-02
  0.2370100E+04   -.4656812E-02
  0.2372100E+04   -.4241526E-02
  0.2374100E+04   -.4209755E-02
  0.2376100E+04   -.7183725E-02
  0.2378100E+04   -.4183498E-02
  0.2380100E+04   -.3913678E-02
  0.2382100E+04   -.1187226E-02
  0.2384100E+04   -.1614973E-02
  0.2386100E+04   -.2732649E-02
  0.2388100E+04   -.3989119E-02
  0.2390100E+04   -.2083415E-02
  0.2392100E+04   -.4164919E-02
  0.2394100E+04   -.2676198E-02
  0.2396100E+04   -.3564768E-02
  0.2398100E+04   -.3635811E-02
  0.2400100E+04   -.1354341E-02
  0.2402100E+04   -.1328285E-02
  0.2404100E+04   -.4341850E-03
  0.2406100E+04   0.2525661E-02
  0.2408100E+04   0.1296233E-02
  0.2410100E+04   0.1618111E-02
  0.2412100E+04   0.2203641E-02
  0.2414100E+04   0.4402191E-02
  0.2416100E+04   0.5275282E-03
  0.2418100E+04   0.5678572E-02
  0.2420100E+04   0.2021576E-02
  0.2422100E+04   0.2499763E-02
  0.2424100E+04   0.5280781E-02
  0.2426100E+04   0.6251725E-02
  0.2428100E+04   0.7810143E-02
  0.2430100E+04   0.6454428E-02
  0.2432100E+04   0.6212065E-02
  0.2434100E+04   0.9680633E-02
  0.2436100E+04   0.8042679E-02
  0.2438100E+04   0.8716968E-02
  0.2440100E+04   0.9335381E-02
  0.2442100E+04   0.9851693E-02
  0.2444100E+04   0.1431817E-01
  0.2446100E+04   0.1303012E-01
  0.2448100E+04   0.1147187E-01
  0.2450100E+04   0.1350911E-01
  0.2452100E+04   0.1742075E-01
  0.2454100E+04   0.1502972E-01
  0.2456100E+04   0.1990913E-01
  0.2458100E+04   0.1798668E-01
  0.2460100E+04   0.2061448E-01
  0.2462100E+04   0.2228227E-01
  0.2462200E+04   0.2102409E-01
  0.2462300E+04   0.2236823E-01
  0.2462400E+04   0.2401179E-01
  0.2462500E+04   0.2035782E-01
  0.2462600E+04   0.2045330E-01
  0.2462700E+04   0.2090072E-01
  0.2462800E+04   0.2043346E-01
  0.2462900E+04   0.2160072E-01
  0.2463000E+04   0.2194885E-01
  0.2463100E+04   0.2306416E-01
  0.2463200E+04   0.2296747E-01
  0.2463300E+04   0.2296473E-01
  0.2463400E+04   0.2440624E-01
  0.2463500E+04   0.2083805E-01
  0.2463600E+04   0.2228683E-01
  0.2463700E+04   0.2338939E-01
  0.2463800E+04   0.2446569E-01
  0.2463900E+04   0.2191034E-01
  0.2464000E+04   0.2404245E-01
  0.2464100E+04   0.2292880E-01
  0.2464200E+04   0.2259764E-01
  0.2464300E+04   0.2357078E-01
  0.2464400E+04   0.2302970E-01
  0.2464500E+04   0.2282276E-01
  0.2464600E+04   0.2430859E-01
  0.2464700E+04   0.2406155E-01
  0.2464800E+04   0.2098004E-01
  0.2464900E+04   0.2516888E-01
  0.2465000E+04   0.2366679E-01
  0.2465100E+04   0.2533800E-01
  0.2465200E+04   0.2539119E-01
  0.2465300E+04   0.2687971E-01
  0.2465400E+04   0.2790174E-01
  0.2465500E+04   0.2388189E-01
  0.2465600E+04   0.2564138E-01
  0.2465700E+04   0.2472787E-01
  0.2465800E+04   0.2639332E-01
  0.2465900E+04   0.2496347E-01
  0.2466000E+04   0.2641161E-01
  0.2466100E+04   0.2506110E-01
  0.2466200E+04   0.2472268E-01
  0.2466300E+04   0.2689113E-01
  0.2466400E+04   0.2654735E-01
  0.2466500E+04   0.2876799E-01
  0.2466600E+04   0.2606502E-01
  0.2466700E+04   0.2896276E-01
  0.2466800E+04   0.2816764E-01
  0.2466900E+04   0.2394398E-01
  0.2467000E+04   0.2750052E-01
  0.2467100E+04   0.2768500E-01
  0.2467200E+04   0.2550862E-01
  0.2467300E+04   0.2713702E-01
  0.2467400E+04   0.2756085E-01
  0.2467500E+04   0.2883004E-01
  0.2467600E+04   0.2646102E-01
  0.2467700E+04   0.3049272E-01
  0.2467800E+04   0.2790551E-01
  0.2467900E+04   0.3067018E-01
  0.2468000E+04   0.3108288E-01
  0.2468100E+04   0.2979326E-01
  0.2468200E+04   0.2936417E-01
  0.2468300E+04   0.2853736E-01
  0.2468400E+04   0.3032770E-01
  0.2468500E+04   0.2918899E-01
  0.2468600E+04   0.3275248E-01
  0.2468700E+04   0.3018580E-01
  0.2468800E+04   0.2943988E-01
  0.2468900E+04   0.3026020E-01
  0.2469000E+04   0.3012511E-01
  0.2469100E+04   0.3119252E-01
  0.2469200E+04   0.3076737E-01
  0.2469300E+04   0.3204752E-01
  0.2469400E+04   0.2996443E-01
  0.2469500E+04   0.3246671E-01
  0.2469600E+04   0.3375262E-01
  0.2469700E+04   0.3041501E-01
  0.2469800E+04   0.3507405E-01
  0.2469900E+04   0.3284299E-01
  0.2470000E+04   0.3646815E-01
  0.2470100E+04   0.3766781E-01
  0.2470200E+04   0.3599086E-01
  0.2470300E+04   0.3589318E-01
  0.2470400E+04   0.3356669E-01
  0.2470500E+04   0.3291596E-01
  0.2470600E+04   0.3437665E-01
  0.2470700E+04   0.3627995E-01
  0.2470800E+04   0.3572000E-01
  0.2470900E+04   0.3608104E-01
  0.2471000E+04   0.3609582E-01
  0.2471100E+04   0.3865616E-01
  0.2471200E+04   0.3642737E-01
  0.2471300E+04   0.3766368E-01
  0.2471400E+04   0.3611112E-01
  0.2471500E+04   0.3897557E-01
  0.2471600E+04   0.3906737E-01
  0.2471700E+04   0.4064219E-01
  0.2471800E+04   0.4084903E-01
  0.2471900E+04   0.4203570E-01
  0.2472000E+04   0.4094368E-01
  0.2472100E+04   0.4305808E-01
  0.2472200E+04   0.4405866E-01
  0.2472300E+04   0.4354649E-01
  0.2472400E+04   0.4570272E-01
  0.2472500E+04   0.4058322E-01
  0.2472600E+04   0.4541040E-01
  0.2472700E+04   0.4539128E-01
  0.2472800E+04   0.4513061E-01
  0.2472900E+04   0.4735700E-01
  0.2473000E+04   0.4709908E-01
  0.2473100E+04   0.4541130E-01
  0.2473200E+04   0.4360949E-01
  0.2473300E+04   0.4914754E-01
  0.2473400E+04   0.5058119E-01
  0.2473500E+04   0.5018672E-01
  0.2473600E+04   0.5007932E-01
  0.2473700E+04   0.5087677E-01
  0.2473800E+04   0.5342777E-01
  0.2473900E+04   0.5381728E-01
  0.2474000E+04   0.5376833E-01
  0.2474100E+04   0.5510666E-01
  0.2474200E+04   0.5605148E-01
  0.2474300E+04   0.5458061E-01
  0.2474400E+04   0.5855667E-01
  0.2474500E+04   0.5937505E-01
  0.2474600E+04   0.6090543E-01
  0.2474700E+04   0.5933046E-01
  0.2474800E+04   0.6026715E-01
  0.2474900E+04   0.6166076E-01
  0.2475000E+04   0.6284608E-01
  0.2475100E+04   0.6459664E-01
  0.2475200E+04   0.6676382E-01
  0.2475300E+04   0.6836445E-01
  0.2475400E+04   0.6998860E-01
  0.2475500E+04   0.7020377E-01
  0.2475600E+04   0.7193229E-01
  0.2475700E+04   0.7088654E-01
  0.2475800E+04   0.7456949E-01
  0.2475900E+04   0.7769073E-01
  0.2476000E+04   0.8002299E-01
  0.2476100E+04   0.8148881E-01
  0.2476200E+04   0.8916460E-01
  0.2476300E+04   0.8480629E-01
  0.2476400E+04   0.8822717E-01
  0.2476500E+04   0.9073527E-01
  0.2476600E+04   0.9223827E-01
  0.2476700E+04   0.9441783E-01
  0.2476800E+04   0.9657580E-01
  0.2476900E+04   0.1054518E+00
  0.2477000E+04   0.1067659E+00
  0.2477100E+04   0.1076083E+00
  0.2477200E+04   0.1141894E+00
  0.2477300E+04   0.1155650E+00
  0.2477400E+04   0.1201110E+00
  0.2477500E+04   0.1251348E+00
  0.2477600E+04   0.1285224E+00
  0.2477700E+04   0.1340943E+00
  0.2477800E+04   0.1393216E+00
  0.2477900E+04   0.1470611E+00
  0.2478000E+04   0.1514728E+00
  0.2478100E+04   0.1600272E+00
  0.2478200E+04   0.1662687E+00
  0.2478300E+04   0.1749552E+00
  0.2478400E+04   0.1863956E+00
  0.2478500E+04   0.1996794E+00
  0.2478600E+04   0.2086690E+00
  0.2478700E+04   0.2190652E+00
  0.2478800E+04   0.2327212E+00
  0.2478900E+04   0.2472220E+00
  0.2479000E+04   0.2670112E+00
  0.2479100E+04   0.2874916E+00
  0.2479200E+04   0.3140147E+00
  0.2479300E+04   0.3355151E+00
  0.2479400E+04   0.3667915E+00
  0.2479500E+04   0.4043295E+00
  0.2479600E+04   0.4465585E+00
  0.2479700E+04   0.5064881E+00
  0.2479800E+04   0.5720872E+00
  0.2479900E+04   0.6528246E+00
  0.2480000E+04   0.7541960E+00
  0.2480100E+04   0.8726823E+00
  0.2480200E+04   0.1005426E+01
  0.2480300E+04   0.1154591E+01
  0.2480400E+04   0.1324637E+01
  0.2480500E+04   0.1519198E+01
  0.2480600E+04   0.1755745E+01
  0.2480700E+04   0.2055699E+01
  0.2480800E+04   0.2397567E+01
  0.2480900E+04   0.2860763E+01
  0.2481000E+04   0.3423140E+01
  0.2481100E+04   0.4083280E+01
  0.2481200E+04   0.4791039E+01
  0.2481300E+04   0.5483659E+01
  0.2481400E+04   0.6112264E+01
  0.2481500E+04   0.6638340E+01
  0.2481600E+04   0.7043941E+01
  0.2481700E+04   0.7304411E+01
  0.2481800E+04   0.7441449E+01
  0.2481900E+04   0.7467777E+01
  0.2482000E+04   0.7370698E+01
  0.2482100E+04   0.7195237E+01
  0.2482200E+04   0.6928107E+01
  0.2482300E+04   0.6603182E+01
  0.2482400E+04   0.6232924E+01
  0.2482500E+04   0.5825204E+01
  0.2482600E+04   0.5444615E+01
  0.2482700E+04   0.5016010E+01
  0.2482800E+04   0.4598253E+01
  0.2482900E+04   0.4187218E+01
  0.2483000E+04   0.3811313E+01
  0.2483100E+04   0.3461351E+01
  0.2483200E+04   0.3141427E+01
  0.2483300E+04   0.2856511E+01
  0.2483400E+04   0.2591314E+01
  0.2483500E+04   0.2356474E+01
  0.2483600E+04   0.2156043E+01
  0.2483700E+04   0.1996602E+01
  0.2483800E+04   0.1837004E+01
  0.2483900E+04   0.1705582E+01
  0.2484000E+04   0.1588320E+01
  0.2484100E+04   0.1497898E+01
  0.2484200E+04   0.1413433E+01
  0.2484300E+04   0.1346405E+01
  0.2484400E+04   0.1289401E+01
  0.2484500E+04   0.1241640E+01
  0.2484600E+04   0.1207362E+01
  0.2484700E+04   0.1175198E+01
  0.2484800E+04   0.1146780E+01
  0.2484900E+04   0.1123013E+01
  0.2485000E+04   0.1100374E+01
  0.2485100E+04   0.1087496E+01
  0.2485200E+04   0.1075425E+01
  0.2485300E+04   0.1059903E+01
  0.2485400E+04   0.1047367E+01
  0.2485500E+04   0.1042172E+01
  0.2485600E+04   0.1032286E+01
  0.2485700E+04   0.1032631E+01
  0.2485800E+04   0.1013401E+01
  0.2485900E+04   0.1013369E+01
  0.2486000E+04   0.1004467E+01
  0.2486100E+04   0.9974809E+00
  0.2486200E+04   0.9934990E+00
  0.2486300E+04   0.9910975E+00
  0.2486400E+04   0.9794970E+00
  0.2486500E+04   0.9769781E+00
  0.2486600E+04   0.9725322E+00
  0.2486700E+04   0.9727597E+00
  0.2486800E+04   0.9644107E+00
  0.2486900E+04   0.9596267E+00
  0.2487000E+04   0.9595376E+00
  0.2487100E+04   0.9514826E+00
  0.2487200E+04   0.9529901E+00
  0.2487300E+04   0.9492056E+00
  0.2487400E+04   0.9513752E+00
  0.2487500E+04   0.9495951E+00
  0.2487600E+04   0.9484010E+00
  0.2487700E+04   0.9447404E+00
  0.2487800E+04   0.9484410E+00
  0.2487900E+04   0.9487900E+00
  0.2488000E+04   0.9544342E+00
  0.2488100E+04   0.9558874E+00
  0.2488200E+04   0.9546893E+00
  0.2488300E+04   0.9541076E+00
  0.2488400E+04   0.9523658E+00
  0.2488500E+04   0.9588103E+00
  0.2488600E+04   0.9656779E+00
  0.2488700E+04   0.9716452E+00
  0.2488800E+04   0.9691479E+00
  0.2488900E+04   0.9812139E+00
  0.2489000E+04   0.9767905E+00
  0.2489100E+04   0.9855889E+00
  0.2489200E+04   0.9914362E+00
  0.2489300E+04   0.9923704E+00
  0.2489400E+04   0.1000741E+01
  0.2489500E+04   0.1006963E+01
  0.2489600E+04   0.1013346E+01
  0.2489700E+04   0.1017226E+01
  0.2489800E+04   0.1024564E+01
  0.2489900E+04   0.1034810E+01
  0.2490000E+04   0.1041225E+01
  0.2490100E+04   0.1046213E+01
  0.2490200E+04   0.1048293E+01
  0.2490300E+04   0.1056329E+01
  0.2490400E+04   0.1067346E+01
  0.2490500E+04   0.1076135E+01
  0.2490600E+04   0.1078692E+01
  0.2490700E+04   0.1086614E+01
  0.2490800E+04   0.1094885E+01
  0.2490900E+04   0.1098299E+01
  0.2491000E+04   0.1104677E+01
  0.2491100E+04   0.1116186E+01
  0.2491200E+04   0.1123108E+01
  0.2491300E+04   0.1130952E+01
  0.2491400E+04   0.1141026E+01
  0.2491500E+04   0.1144997E+01
  0.2491600E+04   0.1157492E+01
  0.2491700E+04   0.1171087E+01
  0.2491800E+04   0.1173445E+01
  0.2491900E+04   0.1192248E+01
  0.2492000E+04   0.1200398E+01
  0.2492100E+04   0.1210245E+01
  0.2492200E+04   0.1227592E+01
  0.2492300E+04   0.1231168E+01
  0.2492400E+04   0.1246050E+01
  0.2492500E+04   0.1260036E+01
  0.2492600E+04   0.1274284E+01
  0.2492700E+04   0.1285874E+01
  0.2492800E+04   0.1298727E+01
  0.2492900E+04   0.1309752E+01
  0.2493000E+04   0.1322160E+01
  0.2493100E+04   0.1338378E+01
  0.2493200E+04   0.1353379E+01
  0.2493300E+04   0.1364227E+01
  0.2493400E+04   0.1381248E+01
  0.2493500E+04   0.1395292E+01
  0.2493600E+04   0.1407820E+01
  0.2493700E+04   0.1424729E+01
  0.2493800E+04   0.1436747E+01
  0.2493900E+04   0.1447720E+01
  0.2494000E+04   0.1458412E+01
  0.2494100E+04   0.1474933E+01
  0.2494200E+04   0.1486637E+01
  0.2494300E+04   0.1501055E+01
  0.2494400E+04   0.1514680E+01
  0.2494500E+04   0.1526934E+01
  0.2494600E+04   0.1538051E+01
  0.2494700E+04   0.1547195E+01
  0.2494800E+04   0.1562232E+01
  0.2494900E+04   0.1569289E+01
  0.2495000E+04   0.1580947E+01
  0.2495100E+04   0.1594891E+01
  0.2495200E+04   0.1606509E+01
  0.2495300E+04   0.1612033E+01
  0.2495400E+04   0.1620157E+01
  0.2495500E+04   0.1635861E+01
  0.2495600E+04   0.1644853E+01
  0.2495700E+04   0.1651704E+01
  0.2495800E+04   0.1665188E+01
  0.2495900E+04   0.1674397E+01
  0.2496000E+04   0.1679571E+01
  0.2496100E+04   0.1688878E+01
  0.2496200E+04   0.1689136E+01
  0.2496300E+04   0.1698802E+01
  0.2496400E+04   0.1708238E+01
  0.2496500E+04   0.1718942E+01
  0.2496600E+04   0.1722899E+01
  0.2496700E+04   0.1724610E+01
  0.2496800E+04   0.1724969E+01
  0.2496900E+04   0.1741172E+01
  0.2497000E+04   0.1739150E+01
  0.2497100E+04   0.1743664E+01
  0.2497200E+04   0.1742878E+01
  0.2497300E+04   0.1744642E+01
  0.2497400E+04   0.1753514E+01
  0.2497500E+04   0.1751550E+01
  0.2497600E+04   0.1752312E+01
  0.2497700E+04   0.1750341E+01
  0.2497800E+04   0.1746992E+01
  0.2497900E+04   0.1750292E+01
  0.2498000E+04   0.1744429E+01
  0.2498100E+04   0.1740899E+01
  0.2498200E+04   0.1740490E+01
  0.2498300E+04   0.1733781E+01
  0.2498400E+04   0.1732652E+01
  0.2498500E+04   0.1724208E+01
  0.2498600E+04   0.1709947E+01
  0.2498700E+04   0.1706993E+01
  0.2498800E+04   0.1699505E+01
  0.2498900E+04   0.1692072E+01
  0.2499000E+04   0.1678920E+01
  0.2499100E+04   0.1674544E+01
  0.2499200E+04   0.1659948E+01
  0.2499300E+04   0.1653289E+01
  0.2499400E+04   0.1640572E+01
  0.2499500E+04   0.1637901E+01
  0.2499600E+04   0.1622678E+01
  0.2499700E+04   0.1612269E+01
  0.2499800E+04   0.1598545E+01
  0.2499900E+04   0.1585527E+01
  0.2500000E+04   0.1578860E+01
  0.2500100E+04   0.1563808E+01
  0.2500200E+04   0.1551789E+01
  0.2500300E+04   0.1539237E+01
  0.2500400E+04   0.1526444E+01
  0.2500500E+04   0.1517114E+01
  0.2500600E+04   0.1502991E+01
  0.2500700E+04   0.1487980E+01
  0.2500800E+04   0.1478593E+01
  0.2500900E+04   0.1468659E+01
  0.2501000E+04   0.1452815E+01
  0.2501100E+04   0.1448885E+01
  0.2501200E+04   0.1438489E+01
  0.2501300E+04   0.1428866E+01
  0.2501400E+04   0.1411163E+01
  0.2501500E+04   0.1410652E+01
  0.2501600E+04   0.1396360E+01
  0.2501700E+04   0.1378561E+01
  0.2501800E+04   0.1373396E+01
  0.2501900E+04   0.1362878E+01
  0.2502000E+04   0.1350612E+01
  0.2502100E+04   0.1341509E+01
  0.2502200E+04   0.1327679E+01
  0.2502300E+04   0.1318863E+01
  0.2502400E+04   0.1312845E+01
  0.2502500E+04   0.1298591E+01
  0.2502600E+04   0.1287830E+01
  0.2502700E+04   0.1277607E+01
  0.2502800E+04   0.1269920E+01
  0.2502900E+04   0.1264616E+01
  0.2503000E+04   0.1253716E+01
  0.2503100E+04   0.1247653E+01
  0.2503200E+04   0.1239714E+01
  0.2503300E+04   0.1224144E+01
  0.2503400E+04   0.1211866E+01
  0.2503500E+04   0.1202495E+01
  0.2503600E+04   0.1200746E+01
  0.2503700E+04   0.1200342E+01
  0.2503800E+04   0.1188602E+01
  0.2503900E+04   0.1174932E+01
  0.2504000E+04   0.1167737E+01
  0.2504100E+04   0.1164052E+01
  0.2504200E+04   0.1157989E+01
  0.2504300E+04   0.1150540E+01
  0.2504400E+04   0.1145371E+01
  0.2504500E+04   0.1136481E+01
  0.2504600E+04   0.1125540E+01
  0.2504700E+04   0.1118592E+01
  0.2504800E+04   0.1113133E+01
  0.2504900E+04   0.1103180E+01
  0.2505000E+04   0.1098746E+01
  0.2505100E+04   0.1092309E+01
  0.2505200E+04   0.1086927E+01
  0.2505300E+04   0.1079709E+01
  0.2505400E+04   0.1079829E+01
  0.2505500E+04   0.1067231E+01
  0.2505600E+04   0.1061913E+01
  0.2505700E+04   0.1056815E+01
  0.2505800E+04   0.1052191E+01
  0.2505900E+04   0.1046653E+01
  0.2506000E+04   0.1040036E+01
  0.2506100E+04   0.1035949E+01
  0.2506200E+04   0.1028055E+01
  0.2506300E+04   0.1023611E+01
  0.2506400E+04   0.1017027E+01
  0.2506500E+04   0.1013101E+01
  0.2506600E+04   0.1007882E+01
  0.2506700E+04   0.1002154E+01
  0.2506800E+04   0.1001817E+01
  0.2506900E+04   0.9948226E+00
  0.2507000E+04   0.9944209E+00
  0.2507100E+04   0.9884880E+00
  0.2508100E+04   0.9572130E+00
  0.2509100E+04   0.9403565E+00
  0.2510100E+04   0.9377885E+00
  0.2511100E+04   0.9426640E+00
  0.2512100E+04   0.9390629E+00
  0.2513100E+04   0.9439495E+00
  0.2514100E+04   0.9486188E+00
  0.2515100E+04   0.9550686E+00
  0.2516100E+04   0.9629271E+00
  0.2517100E+04   0.9656400E+00
  0.2518100E+04   0.9692473E+00
  0.2519100E+04   0.9613777E+00
  0.2520100E+04   0.9563175E+00
  0.2521100E+04   0.9527932E+00
  0.2522100E+04   0.9495623E+00
  0.2523100E+04   0.9436251E+00
  0.2524100E+04   0.9375591E+00
  0.2525100E+04   0.9325563E+00
  0.2526100E+04   0.9322599E+00
  0.2527100E+04   0.9339115E+00
  0.2528100E+04   0.9320064E+00
  0.2529100E+04   0.9337149E+00
  0.2530100E+04   0.9310422E+00
  0.2531100E+04   0.9307903E+00
  0.2532100E+04   0.9328562E+00
  0.2533100E+04   0.9309894E+00
  0.2534100E+04   0.9406572E+00
  0.2535100E+04   0.9398073E+00
  0.2536100E+04   0.9461954E+00
  0.2537100E+04   0.9458796E+00
  0.2538100E+04   0.9489619E+00
  0.2539100E+04   0.9551917E+00
  0.2540100E+04   0.9697887E+00
  0.2541100E+04   0.9639442E+00
  0.2542100E+04   0.9758636E+00
  0.2543100E+04   0.9881307E+00
  0.2544100E+04   0.9928902E+00
  0.2545100E+04   0.1004523E+01
  0.2546100E+04   0.1010627E+01
  0.2547100E+04   0.1025185E+01
  0.2548100E+04   0.1032402E+01
  0.2549100E+04   0.1043336E+01
  0.2550100E+04   0.1050970E+01
  0.2551100E+04   0.1062912E+01
  0.2552100E+04   0.1063440E+01
  0.2553100E+04   0.1082397E+01
  0.2554100E+04   0.1088457E+01
  0.2555100E+04   0.1091829E+01
  0.2556100E+04   0.1097352E+01
  0.2557100E+04   0.1107412E+01
  0.2558100E+04   0.1113281E+01
  0.2559100E+04   0.1121177E+01
  0.2560100E+04   0.1122298E+01
  0.2561100E+04   0.1131714E+01
  0.2562100E+04   0.1138683E+01
  0.2563100E+04   0.1143402E+01
  0.2564100E+04   0.1146486E+01
  0.2565100E+04   0.1151976E+01
  0.2566100E+04   0.1154937E+01
  0.2567100E+04   0.1156898E+01
  0.2568100E+04   0.1162703E+01
  0.2569100E+04   0.1168478E+01
  0.2570100E+04   0.1172661E+01
  0.2571100E+04   0.1174363E+01
  0.2572100E+04   0.1178353E+01
  0.2573100E+04   0.1182292E+01
  0.2574100E+04   0.1180475E+01
  0.2575100E+04   0.1181526E+01
  0.2576100E+04   0.1187821E+01
  0.2577100E+04   0.1185569E+01
  0.2578100E+04   0.1185805E+01
  0.2579100E+04   0.1189757E+01
  0.2580100E+04   0.1184703E+01
  0.2581100E+04   0.1180439E+01
  0.2582100E+04   0.1189692E+01
  0.2583100E+04   0.1182031E+01
  0.2584100E+04   0.1181561E+01
  0.2585100E+04   0.1182894E+01
  0.2586100E+04   0.1177527E+01
  0.2587100E+04   0.1176514E+01
  0.2588100E+04   0.1173604E+01
  0.2589100E+04   0.1175568E+01
  0.2590100E+04   0.1172816E+01
  0.2591100E+04   0.1166222E+01
  0.2592100E+04   0.1165179E+01
  0.2593100E+04   0.1164909E+01
  0.2594100E+04   0.1160652E+01
  0.2595100E+04   0.1155771E+01
  0.2596100E+04   0.1158532E+01
  0.2597100E+04   0.1150385E+01
  0.2598100E+04   0.1151454E+01
  0.2599100E+04   0.1144042E+01
  0.2600100E+04   0.1141578E+01
  0.2601100E+04   0.1144805E+01
  0.2602100E+04   0.1138794E+01
  0.2603100E+04   0.1137589E+01
  0.2604100E+04   0.1135692E+01
  0.2605100E+04   0.1132430E+01
  0.2606100E+04   0.1130139E+01
  0.2607100E+04   0.1131579E+01
  0.2608100E+04   0.1126700E+01
  0.2609090E+04   0.1126808E+01
  0.2610100E+04   0.1126024E+01
  0.2611100E+04   0.1123705E+01
  0.2612100E+04   0.1119051E+01
  0.2613100E+04   0.1112871E+01
  0.2614100E+04   0.1111868E+01
  0.2615100E+04   0.1119402E+01
  0.2616100E+04   0.1115356E+01
  0.2617100E+04   0.1109518E+01
  0.2618100E+04   0.1114656E+01
  0.2619110E+04   0.1107502E+01
  0.2620100E+04   0.1109506E+01
  0.2621100E+04   0.1108358E+01
  0.2622100E+04   0.1105377E+01
  0.2623100E+04   0.1099481E+01
  0.2624100E+04   0.1099004E+01
  0.2625100E+04   0.1099251E+01
  0.2626100E+04   0.1095698E+01
  0.2627100E+04   0.1095177E+01
  0.2628100E+04   0.1093384E+01
  0.2629100E+04   0.1100250E+01
  0.2630100E+04   0.1098215E+01
  0.2631100E+04   0.1095587E+01
  0.2632100E+04   0.1090770E+01
  0.2633100E+04   0.1091241E+01
  0.2634100E+04   0.1092429E+01
  0.2635100E+04   0.1094424E+01
  0.2636100E+04   0.1094314E+01
  0.2637100E+04   0.1090767E+01
  0.2638110E+04   0.1094291E+01
  0.2639100E+04   0.1092421E+01
  0.2640090E+04   0.1096978E+01
  0.2641100E+04   0.1094028E+01
  0.2642100E+04   0.1098037E+01
  0.2643100E+04   0.1098275E+01
  0.2644100E+04   0.1095909E+01
  0.2645100E+04   0.1101040E+01
  0.2646100E+04   0.1104068E+01
  0.2647100E+04   0.1096170E+01
  0.2648100E+04   0.1099142E+01
  0.2649110E+04   0.1102819E+01
  0.2650100E+04   0.1102495E+01
  0.2651100E+04   0.1107305E+01
  0.2652100E+04   0.1108999E+01
  0.2653100E+04   0.1106256E+01
  0.2654100E+04   0.1109708E+01
  0.2655100E+04   0.1109722E+01
  0.2656100E+04   0.1113003E+01
  0.2657110E+04   0.1112791E+01
  0.2658100E+04   0.1116865E+01
  0.2659110E+04   0.1119370E+01
  0.2660100E+04   0.1123190E+01
  0.2661100E+04   0.1121278E+01
  0.2662100E+04   0.1121749E+01
  0.2663100E+04   0.1130668E+01
  0.2664100E+04   0.1134702E+01
  0.2665100E+04   0.1139754E+01
  0.2666100E+04   0.1137544E+01
  0.2667100E+04   0.1140062E+01
  0.2668100E+04   0.1145700E+01
  0.2669100E+04   0.1143218E+01
  0.2670100E+04   0.1147910E+01
  0.2671100E+04   0.1155099E+01
  0.2672100E+04   0.1153085E+01
  0.2673100E+04   0.1159391E+01
  0.2674100E+04   0.1161442E+01
  0.2675090E+04   0.1161248E+01
  0.2676100E+04   0.1172228E+01
  0.2677100E+04   0.1169133E+01
  0.2678100E+04   0.1175433E+01
  0.2679100E+04   0.1177685E+01
  0.2680100E+04   0.1177388E+01
  0.2681100E+04   0.1183956E+01
  0.2682100E+04   0.1184239E+01
  0.2683100E+04   0.1186870E+01
  0.2684100E+04   0.1188536E+01
  0.2685110E+04   0.1193296E+01
  0.2686100E+04   0.1207291E+01
  0.2687100E+04   0.1213331E+01
  0.2688100E+04   0.1206215E+01
  0.2689110E+04   0.1203401E+01
  0.2690100E+04   0.1204768E+01
  0.2691100E+04   0.1202439E+01
  0.2692100E+04   0.1216058E+01
  0.2693100E+04   0.1220115E+01
  0.2694100E+04   0.1235521E+01
  0.2695100E+04   0.1254580E+01
  0.2696100E+04   0.1247997E+01
  0.2697100E+04   0.1238211E+01
  0.2698100E+04   0.1233283E+01
  0.2699100E+04   0.1232828E+01
  0.2700100E+04   0.1231459E+01
  0.2701100E+04   0.1232664E+01
  0.2702100E+04   0.1233382E+01
  0.2703100E+04   0.1239154E+01
  0.2704110E+04   0.1239461E+01
  0.2705100E+04   0.1238051E+01
  0.2706110E+04   0.1250641E+01
  0.2707100E+04   0.1245281E+01
  0.2708100E+04   0.1255748E+01
  0.2709100E+04   0.1253284E+01
  0.2710100E+04   0.1254478E+01
  0.2711100E+04   0.1258325E+01
  0.2712100E+04   0.1257158E+01
  0.2713100E+04   0.1257987E+01
  0.2714100E+04   0.1256131E+01
  0.2715100E+04   0.1256131E+01
  0.2716100E+04   0.1259047E+01
  0.2717100E+04   0.1256620E+01
  0.2718100E+04   0.1251205E+01
  0.2719100E+04   0.1257968E+01
  0.2720100E+04   0.1260256E+01
  0.2721100E+04   0.1254548E+01
  0.2722100E+04   0.1260736E+01
  0.2723090E+04   0.1259020E+01
  0.2724110E+04   0.1261771E+01
  0.2725090E+04   0.1259840E+01
  0.2726100E+04   0.1262614E+01
  0.2727100E+04   0.1264744E+01
  0.2728100E+04   0.1266014E+01
  0.2729100E+04   0.1268077E+01
  0.2730100E+04   0.1272388E+01
  0.2731100E+04   0.1270753E+01
  0.2732100E+04   0.1267882E+01
  0.2733110E+04   0.1270755E+01
  0.2734100E+04   0.1268938E+01
  0.2735110E+04   0.1271337E+01
  0.2736090E+04   0.1273179E+01
  0.2737100E+04   0.1269217E+01
  0.2738100E+04   0.1268654E+01
  0.2739090E+04   0.1273484E+01
  0.2740100E+04   0.1266506E+01
  0.2741100E+04   0.1274490E+01
  0.2742110E+04   0.1273509E+01
  0.2743100E+04   0.1272283E+01
  0.2744100E+04   0.1274208E+01
  0.2745100E+04   0.1275175E+01
  0.2746100E+04   0.1276204E+01
  0.2747110E+04   0.1278576E+01
  0.2748100E+04   0.1271207E+01
  0.2749100E+04   0.1273573E+01
  0.2750090E+04   0.1277194E+01
  0.2751100E+04   0.1276690E+01
  0.2752100E+04   0.1278121E+01
  0.2753090E+04   0.1273058E+01
  0.2754100E+04   0.1279537E+01
  0.2755100E+04   0.1279265E+01
  0.2756100E+04   0.1279498E+01
  0.2757110E+04   0.1280801E+01
  0.2758100E+04   0.1276201E+01
  0.2759100E+04   0.1277414E+01
  0.2760110E+04   0.1279323E+01
  0.2761100E+04   0.1277481E+01
  0.2762110E+04   0.1282833E+01
  0.2763100E+04   0.1280765E+01
  0.2764100E+04   0.1282869E+01
  0.2765100E+04   0.1281578E+01
  0.2766100E+04   0.1279932E+01
  0.2767100E+04   0.1278067E+01
  0.2768100E+04   0.1282598E+01
  0.2769100E+04   0.1280995E+01
  0.2770100E+04   0.1280996E+01
  0.2771100E+04   0.1280290E+01
  0.2772100E+04   0.1282739E+01
  0.2773100E+04   0.1283960E+01
  0.2774110E+04   0.1278307E+01
  0.2775100E+04   0.1284129E+01
  0.2776100E+04   0.1283122E+01
  0.2777100E+04   0.1283351E+01
  0.2778100E+04   0.1281815E+01
  0.2779100E+04   0.1284628E+01
  0.2780100E+04   0.1291805E+01
  0.2781100E+04   0.1287590E+01
  0.2782100E+04   0.1282208E+01
  0.2783100E+04   0.1281752E+01
  0.2784090E+04   0.1288061E+01
  0.2785100E+04   0.1289839E+01
  0.2786100E+04   0.1291292E+01
  0.2787090E+04   0.1287666E+01
  0.2788110E+04   0.1290997E+01
  0.2789100E+04   0.1289768E+01
  0.2790100E+04   0.1288440E+01
  0.2791110E+04   0.1292409E+01
  0.2792090E+04   0.1291768E+01
  0.2793100E+04   0.1292655E+01
  0.2794100E+04   0.1290725E+01
  0.2795100E+04   0.1292459E+01
  0.2796100E+04   0.1288200E+01
  0.2797100E+04   0.1288711E+01
  0.2798110E+04   0.1294798E+01
  0.2799100E+04   0.1291721E+01
  0.2800100E+04   0.1293673E+01
  0.2801100E+04   0.1292286E+01
  0.2802100E+04   0.1296341E+01
  0.2803100E+04   0.1300866E+01
  0.2804100E+04   0.1300675E+01
  0.2805100E+04   0.1300604E+01
  0.2806090E+04   0.1298446E+01
  0.2807100E+04   0.1307222E+01
  0.2808110E+04   0.1300568E+01
  0.2809100E+04   0.1298388E+01
  0.2810100E+04   0.1305999E+01
  0.2811100E+04   0.1299015E+01
  0.2812100E+04   0.1302562E+01
  0.2813100E+04   0.1304464E+01
  0.2814100E+04   0.1307611E+01
  0.2815100E+04   0.1305815E+01
  0.2816100E+04   0.1309397E+01
  0.2817100E+04   0.1306109E+01
  0.2818110E+04   0.1310141E+01
  0.2819100E+04   0.1306105E+01
  0.2820100E+04   0.1311032E+01
  0.2821090E+04   0.1313519E+01
  0.2822100E+04   0.1314149E+01
