# From STOOGS::ZHANG@chevron.comThu Apr  4 14:54:53 1996
# fluo:  0.94M solution  % data + comment
# fluo: STEP =  1.0203, pre-edge line: mux = -.0003065 *E +  0.74264
# Date: Thu, 4 Apr 1996 11:23:47 -0800 (PST)
# From: "STOOGS::ZHANG"@chevron.com
# To: dani@krazy.phys.washington.edu
# Subject: ASCII 0.94M (NH4)2SO4 Solution XANES File
# 0.94M (NH4)2SO4 RT-XANES Feb96 X19A Si(111)
# 11:10:45  14-FEB-96
# INPUT TO FMERGE:                                 ROCFA      112     0.  0.10
# 0E+01  1.
#---------------------------------------------------------------------
#     energy          xmu        
  0.2322100E+04   0.7918954E-03
  0.2324100E+04   0.2571055E-02
  0.2326100E+04   0.8331176E-03
  0.2328100E+04   0.6975167E-03
  0.2330100E+04   0.2243877E-02
  0.2332100E+04   0.4619039E-03
  0.2334100E+04   -.1026317E-02
  0.2336100E+04   0.9704094E-03
  0.2338100E+04   -.2885415E-03
  0.2340100E+04   -.9301023E-04
  0.2342100E+04   0.1959033E-03
  0.2344100E+04   0.8630882E-03
  0.2346100E+04   -.8354798E-03
  0.2348100E+04   -.9015329E-03
  0.2350100E+04   -.1450403E-02
  0.2352100E+04   0.1254169E-03
  0.2354100E+04   -.9976459E-03
  0.2356100E+04   -.1166234E-02
  0.2358100E+04   -.3576225E-03
  0.2360100E+04   0.3224508E-03
  0.2362100E+04   -.8437349E-03
  0.2364100E+04   -.6788418E-03
  0.2366100E+04   0.3329699E-03
  0.2368100E+04   0.2504898E-02
  0.2370100E+04   0.1627541E-02
  0.2372100E+04   -.1441064E-02
  0.2374100E+04   -.7450345E-03
  0.2376100E+04   -.7601329E-03
  0.2378100E+04   -.1909472E-02
  0.2380100E+04   -.1333247E-02
  0.2382100E+04   -.2969523E-03
  0.2384100E+04   -.2713584E-03
  0.2386100E+04   -.1151625E-02
  0.2388100E+04   -.1983978E-02
  0.2390100E+04   0.5442312E-03
  0.2392100E+04   -.4691527E-03
  0.2394100E+04   -.1147667E-02
  0.2396100E+04   0.6796131E-03
  0.2398100E+04   -.1198658E-02
  0.2400100E+04   0.2222083E-03
  0.2402100E+04   -.4279508E-03
  0.2404100E+04   -.1044138E-02
  0.2406100E+04   0.1169519E-02
  0.2408100E+04   -.4566696E-03
  0.2410100E+04   -.1222263E-02
  0.2412100E+04   0.7512717E-04
  0.2414100E+04   -.6011695E-03
  0.2416100E+04   0.9384605E-03
  0.2418100E+04   0.3313378E-02
  0.2420100E+04   0.2513258E-02
  0.2422100E+04   -.2176338E-03
  0.2424100E+04   0.8153321E-03
  0.2426100E+04   0.6789083E-03
  0.2428100E+04   0.1688857E-02
  0.2430100E+04   -.1135839E-02
  0.2432100E+04   0.6393452E-04
  0.2434100E+04   -.7508835E-03
  0.2436100E+04   -.6510300E-03
  0.2438100E+04   0.1616149E-02
  0.2440100E+04   0.3826464E-03
  0.2442100E+04   0.2746264E-02
  0.2444100E+04   0.2215283E-02
  0.2446100E+04   0.9229892E-03
  0.2448100E+04   0.3535501E-02
  0.2450100E+04   0.4696657E-02
  0.2452100E+04   0.3421835E-02
  0.2454100E+04   0.4804500E-02
  0.2456100E+04   0.5939383E-02
  0.2458100E+04   0.8086689E-02
  0.2460100E+04   0.6256325E-02
  0.2462100E+04   0.7330335E-02
  0.2462200E+04   0.8750860E-02
  0.2462300E+04   0.6448076E-02
  0.2462400E+04   0.7516959E-02
  0.2462500E+04   0.7737648E-02
  0.2462600E+04   0.7154882E-02
  0.2462700E+04   0.6782880E-02
  0.2462800E+04   0.9660295E-02
  0.2462900E+04   0.8780936E-02
  0.2463000E+04   0.8899848E-02
  0.2463100E+04   0.1024834E-01
  0.2463200E+04   0.8688437E-02
  0.2463300E+04   0.8482470E-02
  0.2463400E+04   0.8257447E-02
  0.2463500E+04   0.7576777E-02
  0.2463600E+04   0.8680256E-02
  0.2463700E+04   0.1033858E-01
  0.2463800E+04   0.7972708E-02
  0.2463900E+04   0.9025852E-02
  0.2464000E+04   0.9535927E-02
  0.2464100E+04   0.1014238E-01
  0.2464200E+04   0.7665586E-02
  0.2464300E+04   0.9001311E-02
  0.2464400E+04   0.9758624E-02
  0.2464500E+04   0.9826371E-02
  0.2464600E+04   0.8737705E-02
  0.2464700E+04   0.9277600E-02
  0.2464800E+04   0.8936716E-02
  0.2464900E+04   0.9552736E-02
  0.2465000E+04   0.1005442E-01
  0.2465100E+04   0.9377643E-02
  0.2465200E+04   0.1180685E-01
  0.2465300E+04   0.8721329E-02
  0.2465400E+04   0.1151487E-01
  0.2465500E+04   0.9995373E-02
  0.2465600E+04   0.1077723E-01
  0.2465700E+04   0.1155354E-01
  0.2465800E+04   0.1157220E-01
  0.2465900E+04   0.1058386E-01
  0.2466000E+04   0.1371585E-01
  0.2466100E+04   0.1186656E-01
  0.2466200E+04   0.1211000E-01
  0.2466300E+04   0.1271631E-01
  0.2466400E+04   0.1276812E-01
  0.2466500E+04   0.9292687E-02
  0.2466600E+04   0.1315716E-01
  0.2466700E+04   0.1154422E-01
  0.2466800E+04   0.1199398E-01
  0.2466900E+04   0.1259135E-01
  0.2467000E+04   0.1123353E-01
  0.2467100E+04   0.1481937E-01
  0.2467200E+04   0.1235048E-01
  0.2467300E+04   0.1234398E-01
  0.2467400E+04   0.1439943E-01
  0.2467500E+04   0.1299738E-01
  0.2467600E+04   0.1321773E-01
  0.2467700E+04   0.1181091E-01
  0.2467800E+04   0.1432351E-01
  0.2467900E+04   0.1632246E-01
  0.2468000E+04   0.1394507E-01
  0.2468100E+04   0.1470856E-01
  0.2468200E+04   0.1490035E-01
  0.2468300E+04   0.1582973E-01
  0.2468400E+04   0.1597167E-01
  0.2468500E+04   0.1481006E-01
  0.2468600E+04   0.1564246E-01
  0.2468700E+04   0.1663383E-01
  0.2468800E+04   0.1666254E-01
  0.2468900E+04   0.1740155E-01
  0.2469000E+04   0.1625131E-01
  0.2469100E+04   0.1594427E-01
  0.2469200E+04   0.1725699E-01
  0.2469300E+04   0.1857864E-01
  0.2469400E+04   0.1615391E-01
  0.2469500E+04   0.1738225E-01
  0.2469600E+04   0.1862099E-01
  0.2469700E+04   0.1883364E-01
  0.2469800E+04   0.2041813E-01
  0.2469900E+04   0.1836272E-01
  0.2470000E+04   0.1846749E-01
  0.2470100E+04   0.1969417E-01
  0.2470200E+04   0.2009748E-01
  0.2470300E+04   0.1873058E-01
  0.2470400E+04   0.2088053E-01
  0.2470500E+04   0.2236074E-01
  0.2470600E+04   0.2259954E-01
  0.2470700E+04   0.2046579E-01
  0.2470800E+04   0.2213215E-01
  0.2470900E+04   0.2152456E-01
  0.2471000E+04   0.2242628E-01
  0.2471100E+04   0.2285524E-01
  0.2471200E+04   0.2504984E-01
  0.2471300E+04   0.2316047E-01
  0.2471400E+04   0.2411350E-01
  0.2471500E+04   0.2388168E-01
  0.2471600E+04   0.2715422E-01
  0.2471700E+04   0.2596156E-01
  0.2471800E+04   0.2871812E-01
  0.2471900E+04   0.2668213E-01
  0.2472000E+04   0.2763072E-01
  0.2472100E+04   0.2556429E-01
  0.2472200E+04   0.2890706E-01
  0.2472300E+04   0.2808481E-01
  0.2472400E+04   0.3024579E-01
  0.2472500E+04   0.3076376E-01
  0.2472600E+04   0.2897888E-01
  0.2472700E+04   0.3061059E-01
  0.2472800E+04   0.3023268E-01
  0.2472900E+04   0.3083116E-01
  0.2473000E+04   0.3073896E-01
  0.2473100E+04   0.3234752E-01
  0.2473200E+04   0.3566942E-01
  0.2473300E+04   0.3378788E-01
  0.2473400E+04   0.3476240E-01
  0.2473500E+04   0.3703214E-01
  0.2473600E+04   0.3569743E-01
  0.2473700E+04   0.3796593E-01
  0.2473800E+04   0.3816942E-01
  0.2473900E+04   0.3879438E-01
  0.2474000E+04   0.3959571E-01
  0.2474100E+04   0.4267634E-01
  0.2474200E+04   0.4089286E-01
  0.2474300E+04   0.4117012E-01
  0.2474400E+04   0.4255369E-01
  0.2474500E+04   0.4666934E-01
  0.2474600E+04   0.4506458E-01
  0.2474700E+04   0.4666682E-01
  0.2474800E+04   0.4880393E-01
  0.2474900E+04   0.4964790E-01
  0.2475000E+04   0.4844851E-01
  0.2475100E+04   0.5104840E-01
  0.2475200E+04   0.5360144E-01
  0.2475300E+04   0.5212506E-01
  0.2475400E+04   0.5526359E-01
  0.2475500E+04   0.5848308E-01
  0.2475600E+04   0.5856380E-01
  0.2475700E+04   0.5920048E-01
  0.2475800E+04   0.6367596E-01
  0.2475900E+04   0.6435972E-01
  0.2476000E+04   0.6644413E-01
  0.2476100E+04   0.6622417E-01
  0.2476200E+04   0.7025199E-01
  0.2476300E+04   0.6958658E-01
  0.2476400E+04   0.7631022E-01
  0.2476500E+04   0.7831991E-01
  0.2476600E+04   0.7913975E-01
  0.2476700E+04   0.8346742E-01
  0.2476800E+04   0.8453311E-01
  0.2476900E+04   0.8954715E-01
  0.2477000E+04   0.9097925E-01
  0.2477100E+04   0.9633348E-01
  0.2477200E+04   0.1001427E+00
  0.2477300E+04   0.1049412E+00
  0.2477400E+04   0.1106767E+00
  0.2477500E+04   0.1154147E+00
  0.2477600E+04   0.1199163E+00
  0.2477700E+04   0.1233543E+00
  0.2477800E+04   0.1296528E+00
  0.2477900E+04   0.1365496E+00
  0.2478000E+04   0.1430286E+00
  0.2478100E+04   0.1497598E+00
  0.2478200E+04   0.1562643E+00
  0.2478300E+04   0.1674319E+00
  0.2478400E+04   0.1767421E+00
  0.2478500E+04   0.1878011E+00
  0.2478600E+04   0.1981028E+00
  0.2478700E+04   0.2116640E+00
  0.2478800E+04   0.2299055E+00
  0.2478900E+04   0.2433625E+00
  0.2479000E+04   0.2628704E+00
  0.2479100E+04   0.2830444E+00
  0.2479200E+04   0.3076693E+00
  0.2479300E+04   0.3328436E+00
  0.2479400E+04   0.3642297E+00
  0.2479500E+04   0.4027530E+00
  0.2479600E+04   0.4496879E+00
  0.2479700E+04   0.5066315E+00
  0.2479800E+04   0.5776317E+00
  0.2479900E+04   0.6590083E+00
  0.2480000E+04   0.7643363E+00
  0.2480100E+04   0.8830486E+00
  0.2480200E+04   0.1017249E+01
  0.2480300E+04   0.1168305E+01
  0.2480400E+04   0.1326632E+01
  0.2480500E+04   0.1515511E+01
  0.2480600E+04   0.1738021E+01
  0.2480700E+04   0.2001201E+01
  0.2480800E+04   0.2308121E+01
  0.2480900E+04   0.2706475E+01
  0.2481000E+04   0.3170460E+01
  0.2481100E+04   0.3678612E+01
  0.2481200E+04   0.4212082E+01
  0.2481300E+04   0.4720412E+01
  0.2481400E+04   0.5150572E+01
  0.2481500E+04   0.5511477E+01
  0.2481600E+04   0.5765387E+01
  0.2481700E+04   0.5920841E+01
  0.2481800E+04   0.6001192E+01
  0.2481900E+04   0.5999563E+01
  0.2482000E+04   0.5940873E+01
  0.2482100E+04   0.5816382E+01
  0.2482200E+04   0.5643831E+01
  0.2482300E+04   0.5418043E+01
  0.2482400E+04   0.5166203E+01
  0.2482500E+04   0.4886418E+01
  0.2482600E+04   0.4612599E+01
  0.2482700E+04   0.4308418E+01
  0.2482800E+04   0.3997403E+01
  0.2482900E+04   0.3696316E+01
  0.2483000E+04   0.3401229E+01
  0.2483100E+04   0.3131027E+01
  0.2483200E+04   0.2870384E+01
  0.2483300E+04   0.2632927E+01
  0.2483400E+04   0.2412859E+01
  0.2483500E+04   0.2213130E+01
  0.2483600E+04   0.2039628E+01
  0.2483700E+04   0.1897411E+01
  0.2483800E+04   0.1761041E+01
  0.2483900E+04   0.1642984E+01
  0.2484000E+04   0.1540291E+01
  0.2484100E+04   0.1456170E+01
  0.2484200E+04   0.1385507E+01
  0.2484300E+04   0.1325512E+01
  0.2484400E+04   0.1274680E+01
  0.2484500E+04   0.1231057E+01
  0.2484600E+04   0.1200124E+01
  0.2484700E+04   0.1166077E+01
  0.2484800E+04   0.1139940E+01
  0.2484900E+04   0.1117453E+01
  0.2485000E+04   0.1101320E+01
  0.2485100E+04   0.1080722E+01
  0.2485200E+04   0.1070233E+01
  0.2485300E+04   0.1060629E+01
  0.2485400E+04   0.1049265E+01
  0.2485500E+04   0.1039751E+01
  0.2485600E+04   0.1025399E+01
  0.2485700E+04   0.1021805E+01
  0.2485800E+04   0.1013025E+01
  0.2485900E+04   0.1009109E+01
  0.2486000E+04   0.9980413E+00
  0.2486100E+04   0.9948007E+00
  0.2486200E+04   0.9898802E+00
  0.2486300E+04   0.9825312E+00
  0.2486400E+04   0.9773702E+00
  0.2486500E+04   0.9724166E+00
  0.2486600E+04   0.9649838E+00
  0.2486700E+04   0.9608891E+00
  0.2486800E+04   0.9612025E+00
  0.2486900E+04   0.9497781E+00
  0.2487000E+04   0.9492976E+00
  0.2487100E+04   0.9471462E+00
  0.2487200E+04   0.9510292E+00
  0.2487300E+04   0.9434581E+00
  0.2487400E+04   0.9414729E+00
  0.2487500E+04   0.9428899E+00
  0.2487600E+04   0.9375223E+00
  0.2487700E+04   0.9427679E+00
  0.2487800E+04   0.9454582E+00
  0.2487900E+04   0.9415144E+00
  0.2488000E+04   0.9414740E+00
  0.2488100E+04   0.9432818E+00
  0.2488200E+04   0.9461038E+00
  0.2488300E+04   0.9498755E+00
  0.2488400E+04   0.9566420E+00
  0.2488500E+04   0.9524515E+00
  0.2488600E+04   0.9567321E+00
  0.2488700E+04   0.9582741E+00
  0.2488800E+04   0.9617937E+00
  0.2488900E+04   0.9672574E+00
  0.2489000E+04   0.9726769E+00
  0.2489100E+04   0.9776137E+00
  0.2489200E+04   0.9802448E+00
  0.2489300E+04   0.9827906E+00
  0.2489400E+04   0.9942104E+00
  0.2489500E+04   0.1000590E+01
  0.2489600E+04   0.1004375E+01
  0.2489700E+04   0.1010298E+01
  0.2489800E+04   0.1015369E+01
  0.2489900E+04   0.1021221E+01
  0.2490000E+04   0.1028296E+01
  0.2490100E+04   0.1034634E+01
  0.2490200E+04   0.1038820E+01
  0.2490300E+04   0.1047511E+01
  0.2490400E+04   0.1053720E+01
  0.2490500E+04   0.1057992E+01
  0.2490600E+04   0.1069122E+01
  0.2490700E+04   0.1070838E+01
  0.2490800E+04   0.1077112E+01
  0.2490900E+04   0.1088566E+01
  0.2491000E+04   0.1097536E+01
  0.2491100E+04   0.1100051E+01
  0.2491200E+04   0.1113934E+01
  0.2491300E+04   0.1116757E+01
  0.2491400E+04   0.1126787E+01
  0.2491500E+04   0.1133150E+01
  0.2491600E+04   0.1141783E+01
  0.2491700E+04   0.1152260E+01
  0.2491800E+04   0.1161633E+01
  0.2491900E+04   0.1174340E+01
  0.2492000E+04   0.1184887E+01
  0.2492100E+04   0.1200547E+01
  0.2492200E+04   0.1209583E+01
  0.2492300E+04   0.1220480E+01
  0.2492400E+04   0.1231402E+01
  0.2492500E+04   0.1245253E+01
  0.2492600E+04   0.1252904E+01
  0.2492700E+04   0.1270217E+01
  0.2492800E+04   0.1280154E+01
  0.2492900E+04   0.1295089E+01
  0.2493000E+04   0.1305598E+01
  0.2493100E+04   0.1319267E+01
  0.2493200E+04   0.1332195E+01
  0.2493300E+04   0.1348210E+01
  0.2493400E+04   0.1360492E+01
  0.2493500E+04   0.1372432E+01
  0.2493600E+04   0.1381809E+01
  0.2493700E+04   0.1394078E+01
  0.2493800E+04   0.1407593E+01
  0.2493900E+04   0.1422535E+01
  0.2494000E+04   0.1432672E+01
  0.2494100E+04   0.1446276E+01
  0.2494200E+04   0.1463114E+01
  0.2494300E+04   0.1469246E+01
  0.2494400E+04   0.1485373E+01
  0.2494500E+04   0.1494919E+01
  0.2494600E+04   0.1504388E+01
  0.2494700E+04   0.1510409E+01
  0.2494800E+04   0.1527470E+01
  0.2494900E+04   0.1537572E+01
  0.2495000E+04   0.1553137E+01
  0.2495100E+04   0.1559554E+01
  0.2495200E+04   0.1567330E+01
  0.2495300E+04   0.1576535E+01
  0.2495400E+04   0.1589897E+01
  0.2495500E+04   0.1595468E+01
  0.2495600E+04   0.1607080E+01
  0.2495700E+04   0.1617442E+01
  0.2495800E+04   0.1619083E+01
  0.2495900E+04   0.1627749E+01
  0.2496000E+04   0.1632372E+01
  0.2496100E+04   0.1643165E+01
  0.2496200E+04   0.1652419E+01
  0.2496300E+04   0.1656706E+01
  0.2496400E+04   0.1662271E+01
  0.2496500E+04   0.1670867E+01
  0.2496600E+04   0.1674391E+01
  0.2496700E+04   0.1676337E+01
  0.2496800E+04   0.1679819E+01
  0.2496900E+04   0.1686828E+01
  0.2497000E+04   0.1686393E+01
  0.2497100E+04   0.1689490E+01
  0.2497200E+04   0.1695174E+01
  0.2497300E+04   0.1692367E+01
  0.2497400E+04   0.1695182E+01
  0.2497500E+04   0.1695164E+01
  0.2497600E+04   0.1697776E+01
  0.2497700E+04   0.1699324E+01
  0.2497800E+04   0.1699090E+01
  0.2497900E+04   0.1698941E+01
  0.2498000E+04   0.1694726E+01
  0.2498100E+04   0.1693843E+01
  0.2498200E+04   0.1687800E+01
  0.2498300E+04   0.1687452E+01
  0.2498400E+04   0.1679649E+01
  0.2498500E+04   0.1675197E+01
  0.2498600E+04   0.1668854E+01
  0.2498700E+04   0.1662394E+01
  0.2498800E+04   0.1657407E+01
  0.2498900E+04   0.1643093E+01
  0.2499000E+04   0.1638847E+01
  0.2499100E+04   0.1630015E+01
  0.2499200E+04   0.1618692E+01
  0.2499300E+04   0.1613658E+01
  0.2499400E+04   0.1600109E+01
  0.2499500E+04   0.1591498E+01
  0.2499600E+04   0.1580413E+01
  0.2499700E+04   0.1571992E+01
  0.2499800E+04   0.1557176E+01
  0.2499900E+04   0.1550894E+01
  0.2500000E+04   0.1538566E+01
  0.2500100E+04   0.1530471E+01
  0.2500200E+04   0.1519002E+01
  0.2500300E+04   0.1506047E+01
  0.2500400E+04   0.1494469E+01
  0.2500500E+04   0.1485485E+01
  0.2500600E+04   0.1465431E+01
  0.2500700E+04   0.1462220E+01
  0.2500800E+04   0.1450814E+01
  0.2500900E+04   0.1440101E+01
  0.2501000E+04   0.1430726E+01
  0.2501100E+04   0.1420593E+01
  0.2501200E+04   0.1408242E+01
  0.2501300E+04   0.1395622E+01
  0.2501400E+04   0.1387598E+01
  0.2501500E+04   0.1378976E+01
  0.2501600E+04   0.1369471E+01
  0.2501700E+04   0.1358104E+01
  0.2501800E+04   0.1345458E+01
  0.2501900E+04   0.1339954E+01
  0.2502000E+04   0.1329346E+01
  0.2502100E+04   0.1315343E+01
  0.2502200E+04   0.1310390E+01
  0.2502300E+04   0.1301327E+01
  0.2502400E+04   0.1290214E+01
  0.2502500E+04   0.1281668E+01
  0.2502600E+04   0.1272427E+01
  0.2502700E+04   0.1259925E+01
  0.2502800E+04   0.1249786E+01
  0.2502900E+04   0.1243068E+01
  0.2503000E+04   0.1234071E+01
  0.2503100E+04   0.1226604E+01
  0.2503200E+04   0.1217215E+01
  0.2503300E+04   0.1208747E+01
  0.2503400E+04   0.1205942E+01
  0.2503500E+04   0.1192913E+01
  0.2503600E+04   0.1187467E+01
  0.2503700E+04   0.1177581E+01
  0.2503800E+04   0.1171412E+01
  0.2503900E+04   0.1160877E+01
  0.2504000E+04   0.1154236E+01
  0.2504100E+04   0.1146495E+01
  0.2504200E+04   0.1140671E+01
  0.2504300E+04   0.1135879E+01
  0.2504400E+04   0.1127875E+01
  0.2504500E+04   0.1124971E+01
  0.2504600E+04   0.1113874E+01
  0.2504700E+04   0.1109414E+01
  0.2504800E+04   0.1099908E+01
  0.2504900E+04   0.1095679E+01
  0.2505000E+04   0.1088428E+01
  0.2505100E+04   0.1083890E+01
  0.2505200E+04   0.1075323E+01
  0.2505300E+04   0.1073712E+01
  0.2505400E+04   0.1065850E+01
  0.2505500E+04   0.1056390E+01
  0.2505600E+04   0.1057462E+01
  0.2505700E+04   0.1044527E+01
  0.2505800E+04   0.1042436E+01
  0.2505900E+04   0.1038201E+01
  0.2506000E+04   0.1029047E+01
  0.2506100E+04   0.1024385E+01
  0.2506200E+04   0.1022899E+01
  0.2506300E+04   0.1020058E+01
  0.2506400E+04   0.1011822E+01
  0.2506500E+04   0.1008109E+01
  0.2506600E+04   0.1000139E+01
  0.2506700E+04   0.9997988E+00
  0.2506800E+04   0.9923607E+00
  0.2506900E+04   0.9917573E+00
  0.2507000E+04   0.9841328E+00
  0.2507100E+04   0.9843957E+00
  0.2508100E+04   0.9488142E+00
  0.2509100E+04   0.9337590E+00
  0.2510100E+04   0.9312558E+00
  0.2511100E+04   0.9327594E+00
  0.2512100E+04   0.9328488E+00
  0.2513100E+04   0.9331557E+00
  0.2514100E+04   0.9395689E+00
  0.2515100E+04   0.9445773E+00
  0.2516100E+04   0.9533113E+00
  0.2517100E+04   0.9528408E+00
  0.2518100E+04   0.9575726E+00
  0.2519100E+04   0.9552187E+00
  0.2520100E+04   0.9501402E+00
  0.2521100E+04   0.9446667E+00
  0.2522100E+04   0.9387829E+00
  0.2523100E+04   0.9336588E+00
  0.2524100E+04   0.9324375E+00
  0.2525100E+04   0.9234837E+00
  0.2526100E+04   0.9225970E+00
  0.2527100E+04   0.9223124E+00
  0.2528100E+04   0.9252771E+00
  0.2529100E+04   0.9222301E+00
  0.2530100E+04   0.9195877E+00
  0.2531100E+04   0.9194700E+00
  0.2532100E+04   0.9217159E+00
  0.2533100E+04   0.9260496E+00
  0.2534100E+04   0.9267814E+00
  0.2535100E+04   0.9318554E+00
  0.2536100E+04   0.9305014E+00
  0.2537100E+04   0.9341040E+00
  0.2538100E+04   0.9403938E+00
  0.2539100E+04   0.9460759E+00
  0.2540100E+04   0.9506546E+00
  0.2541100E+04   0.9573134E+00
  0.2542100E+04   0.9629756E+00
  0.2543100E+04   0.9711893E+00
  0.2544100E+04   0.9805622E+00
  0.2545100E+04   0.9889455E+00
  0.2546100E+04   0.9990487E+00
  0.2547100E+04   0.1010115E+01
  0.2548100E+04   0.1016287E+01
  0.2549100E+04   0.1026017E+01
  0.2550100E+04   0.1037647E+01
  0.2551100E+04   0.1045667E+01
  0.2552100E+04   0.1052690E+01
  0.2553100E+04   0.1060208E+01
  0.2554100E+04   0.1070986E+01
  0.2555100E+04   0.1076375E+01
  0.2556100E+04   0.1083190E+01
  0.2557100E+04   0.1091615E+01
  0.2558100E+04   0.1096072E+01
  0.2559100E+04   0.1099199E+01
  0.2560100E+04   0.1104073E+01
  0.2561100E+04   0.1116681E+01
  0.2562100E+04   0.1117125E+01
  0.2563100E+04   0.1121423E+01
  0.2564100E+04   0.1125831E+01
  0.2565100E+04   0.1132086E+01
  0.2566100E+04   0.1132709E+01
  0.2567100E+04   0.1136297E+01
  0.2568100E+04   0.1143371E+01
  0.2569100E+04   0.1149382E+01
  0.2570100E+04   0.1149476E+01
  0.2571100E+04   0.1148510E+01
  0.2572100E+04   0.1157002E+01
  0.2573100E+04   0.1156403E+01
  0.2574100E+04   0.1158172E+01
  0.2575100E+04   0.1160144E+01
  0.2576100E+04   0.1160398E+01
  0.2577100E+04   0.1161816E+01
  0.2578100E+04   0.1161081E+01
  0.2579100E+04   0.1161475E+01
  0.2580100E+04   0.1163860E+01
  0.2581100E+04   0.1161104E+01
  0.2582100E+04   0.1161018E+01
  0.2583100E+04   0.1163964E+01
  0.2584100E+04   0.1162571E+01
  0.2585100E+04   0.1152292E+01
  0.2586100E+04   0.1156221E+01
  0.2587100E+04   0.1154916E+01
  0.2588100E+04   0.1149004E+01
  0.2589100E+04   0.1147739E+01
  0.2590100E+04   0.1145472E+01
  0.2591100E+04   0.1142800E+01
  0.2592100E+04   0.1138664E+01
  0.2593100E+04   0.1140395E+01
  0.2594100E+04   0.1134978E+01
  0.2595100E+04   0.1133357E+01
  0.2596100E+04   0.1130370E+01
  0.2597100E+04   0.1127913E+01
  0.2598100E+04   0.1125759E+01
  0.2599100E+04   0.1123095E+01
  0.2600100E+04   0.1117762E+01
  0.2601100E+04   0.1120341E+01
  0.2602100E+04   0.1117282E+01
  0.2603100E+04   0.1105899E+01
  0.2604100E+04   0.1107554E+01
  0.2605100E+04   0.1108939E+01
  0.2606100E+04   0.1104350E+01
  0.2607100E+04   0.1102367E+01
  0.2608100E+04   0.1101138E+01
  0.2609090E+04   0.1098091E+01
  0.2610100E+04   0.1093571E+01
  0.2611100E+04   0.1092165E+01
  0.2612100E+04   0.1093429E+01
  0.2613100E+04   0.1089520E+01
  0.2614100E+04   0.1087318E+01
  0.2615100E+04   0.1085272E+01
  0.2616100E+04   0.1087717E+01
  0.2617100E+04   0.1088680E+01
  0.2618100E+04   0.1082320E+01
  0.2619110E+04   0.1077571E+01
  0.2620100E+04   0.1077562E+01
  0.2621100E+04   0.1079402E+01
  0.2622100E+04   0.1076134E+01
  0.2623100E+04   0.1073161E+01
  0.2624100E+04   0.1071825E+01
  0.2625100E+04   0.1068925E+01
  0.2626100E+04   0.1067770E+01
  0.2627100E+04   0.1063509E+01
  0.2628100E+04   0.1068487E+01
  0.2629100E+04   0.1065200E+01
  0.2630100E+04   0.1061860E+01
  0.2631100E+04   0.1067276E+01
  0.2632100E+04   0.1067254E+01
  0.2633100E+04   0.1062023E+01
  0.2634100E+04   0.1063867E+01
  0.2635100E+04   0.1060830E+01
  0.2636100E+04   0.1060959E+01
  0.2637100E+04   0.1066257E+01
  0.2638110E+04   0.1063217E+01
  0.2639100E+04   0.1063673E+01
  0.2640090E+04   0.1063795E+01
  0.2641100E+04   0.1060979E+01
  0.2642100E+04   0.1064615E+01
  0.2643100E+04   0.1063962E+01
  0.2644100E+04   0.1065719E+01
  0.2645100E+04   0.1066053E+01
  0.2646100E+04   0.1062774E+01
  0.2647100E+04   0.1068282E+01
  0.2648100E+04   0.1069930E+01
  0.2649110E+04   0.1068655E+01
  0.2650100E+04   0.1069807E+01
  0.2651100E+04   0.1073543E+01
  0.2652100E+04   0.1074752E+01
  0.2653100E+04   0.1075103E+01
  0.2654100E+04   0.1072527E+01
  0.2655100E+04   0.1077317E+01
  0.2656100E+04   0.1081805E+01
  0.2657110E+04   0.1083141E+01
  0.2658100E+04   0.1083409E+01
  0.2659110E+04   0.1086647E+01
  0.2660100E+04   0.1086225E+01
  0.2661100E+04   0.1085747E+01
  0.2662100E+04   0.1094295E+01
  0.2663100E+04   0.1092944E+01
  0.2664100E+04   0.1103138E+01
  0.2665100E+04   0.1102159E+01
  0.2666100E+04   0.1102036E+01
  0.2667100E+04   0.1105560E+01
  0.2668100E+04   0.1107734E+01
  0.2669100E+04   0.1109496E+01
  0.2670100E+04   0.1112406E+01
  0.2671100E+04   0.1115146E+01
  0.2672100E+04   0.1118556E+01
  0.2673100E+04   0.1120567E+01
  0.2674100E+04   0.1119336E+01
  0.2675090E+04   0.1127156E+01
  0.2676100E+04   0.1129475E+01
  0.2677100E+04   0.1130420E+01
  0.2678100E+04   0.1133350E+01
  0.2679100E+04   0.1137723E+01
  0.2680100E+04   0.1135354E+01
  0.2681100E+04   0.1140973E+01
  0.2682100E+04   0.1144224E+01
  0.2683100E+04   0.1146848E+01
  0.2684100E+04   0.1149073E+01
  0.2685110E+04   0.1155646E+01
  0.2686100E+04   0.1158084E+01
  0.2687100E+04   0.1163365E+01
  0.2688100E+04   0.1164377E+01
  0.2689110E+04   0.1158510E+01
  0.2690100E+04   0.1157506E+01
  0.2691100E+04   0.1166325E+01
  0.2692100E+04   0.1168725E+01
  0.2693100E+04   0.1173152E+01
  0.2694100E+04   0.1185637E+01
  0.2695100E+04   0.1204551E+01
  0.2696100E+04   0.1204769E+01
  0.2697100E+04   0.1192238E+01
  0.2698100E+04   0.1185589E+01
  0.2699100E+04   0.1185169E+01
  0.2700100E+04   0.1187675E+01
  0.2701100E+04   0.1185189E+01
  0.2702100E+04   0.1188398E+01
  0.2703100E+04   0.1192018E+01
  0.2704110E+04   0.1194921E+01
  0.2705100E+04   0.1195880E+01
  0.2706110E+04   0.1194637E+01
  0.2707100E+04   0.1197410E+01
  0.2708100E+04   0.1205122E+01
  0.2709100E+04   0.1199379E+01
  0.2710100E+04   0.1203914E+01
  0.2711100E+04   0.1204879E+01
  0.2712100E+04   0.1207140E+01
  0.2713100E+04   0.1206746E+01
  0.2714100E+04   0.1202502E+01
  0.2715100E+04   0.1208468E+01
  0.2716100E+04   0.1204117E+01
  0.2717100E+04   0.1207145E+01
  0.2718100E+04   0.1208573E+01
  0.2719100E+04   0.1206970E+01
  0.2720100E+04   0.1206894E+01
  0.2721100E+04   0.1208813E+01
  0.2722100E+04   0.1212668E+01
  0.2723090E+04   0.1209709E+01
  0.2724110E+04   0.1211002E+01
  0.2725090E+04   0.1210346E+01
  0.2726100E+04   0.1212890E+01
  0.2727100E+04   0.1211614E+01
  0.2728100E+04   0.1212706E+01
  0.2729100E+04   0.1208883E+01
  0.2730100E+04   0.1216724E+01
  0.2731100E+04   0.1216867E+01
  0.2732100E+04   0.1209407E+01
  0.2733110E+04   0.1211189E+01
  0.2734100E+04   0.1211393E+01
  0.2735110E+04   0.1217311E+01
  0.2736090E+04   0.1214449E+01
  0.2737100E+04   0.1210539E+01
  0.2738100E+04   0.1215456E+01
  0.2739090E+04   0.1210112E+01
  0.2740100E+04   0.1216140E+01
  0.2741100E+04   0.1218923E+01
  0.2742110E+04   0.1215668E+01
  0.2743100E+04   0.1215535E+01
  0.2744100E+04   0.1216903E+01
  0.2745100E+04   0.1216879E+01
  0.2746100E+04   0.1218704E+01
  0.2747110E+04   0.1212248E+01
  0.2748100E+04   0.1217934E+01
  0.2749100E+04   0.1216702E+01
  0.2750090E+04   0.1217165E+01
  0.2751100E+04   0.1212619E+01
  0.2752100E+04   0.1218215E+01
  0.2753090E+04   0.1214489E+01
  0.2754100E+04   0.1219904E+01
  0.2755100E+04   0.1219271E+01
  0.2756100E+04   0.1219965E+01
  0.2757110E+04   0.1218005E+01
  0.2758100E+04   0.1216850E+01
  0.2759100E+04   0.1216769E+01
  0.2760110E+04   0.1215603E+01
  0.2761100E+04   0.1219137E+01
  0.2762110E+04   0.1217778E+01
  0.2763100E+04   0.1221790E+01
  0.2764100E+04   0.1216986E+01
  0.2765100E+04   0.1217870E+01
  0.2766100E+04   0.1217148E+01
  0.2767100E+04   0.1220610E+01
  0.2768100E+04   0.1220283E+01
  0.2769100E+04   0.1219259E+01
  0.2770100E+04   0.1220672E+01
  0.2771100E+04   0.1217553E+01
  0.2772100E+04   0.1218120E+01
  0.2773100E+04   0.1216918E+01
  0.2774110E+04   0.1219604E+01
  0.2775100E+04   0.1221848E+01
  0.2776100E+04   0.1222434E+01
  0.2777100E+04   0.1219158E+01
  0.2778100E+04   0.1221570E+01
  0.2779100E+04   0.1220589E+01
  0.2780100E+04   0.1218206E+01
  0.2781100E+04   0.1220677E+01
  0.2782100E+04   0.1223346E+01
  0.2783100E+04   0.1222864E+01
  0.2784090E+04   0.1225016E+01
  0.2785100E+04   0.1221502E+01
  0.2786100E+04   0.1224493E+01
  0.2787090E+04   0.1224199E+01
  0.2788110E+04   0.1222620E+01
  0.2789100E+04   0.1225577E+01
  0.2790100E+04   0.1224096E+01
  0.2791110E+04   0.1228045E+01
  0.2792090E+04   0.1223656E+01
  0.2793100E+04   0.1231226E+01
  0.2794100E+04   0.1226045E+01
  0.2795100E+04   0.1226894E+01
  0.2796100E+04   0.1225754E+01
  0.2797100E+04   0.1226983E+01
  0.2798110E+04   0.1224142E+01
  0.2799100E+04   0.1225231E+01
  0.2800100E+04   0.1230007E+01
  0.2801100E+04   0.1226538E+01
  0.2802100E+04   0.1229985E+01
  0.2803100E+04   0.1231174E+01
  0.2804100E+04   0.1234078E+01
  0.2805100E+04   0.1231369E+01
  0.2806090E+04   0.1232461E+01
  0.2807100E+04   0.1233362E+01
  0.2808110E+04   0.1237015E+01
  0.2809100E+04   0.1234603E+01
  0.2810100E+04   0.1239604E+01
  0.2811100E+04   0.1238872E+01
  0.2812100E+04   0.1236610E+01
  0.2813100E+04   0.1237719E+01
  0.2814100E+04   0.1241169E+01
  0.2815100E+04   0.1245144E+01
  0.2816100E+04   0.1241194E+01
  0.2817100E+04   0.1246748E+01
  0.2818110E+04   0.1244604E+01
  0.2819100E+04   0.1246496E+01
  0.2820100E+04   0.1244472E+01
  0.2821090E+04   0.1246149E+01
  0.2822100E+04   0.1252334E+01
