# From STOOGS::ZHANG@chevron.comThu Apr  4 14:54:25 1996
# fluo:  0.10M solution  % data + comment
# fluo: STEP =  0.9911, pre-edge line: mux = -.0002405 *E +  0.58585
# FLUO: STEP =   .2851, pre-edge line: mux =  .0001140 *E +   .35421
# Date: Thu, 4 Apr 1996 11:22:44 -0800 (PST)
# From: "STOOGS::ZHANG"@chevron.com
# To: dani@krazy.phys.washington.edu
# Subject: ASCII 0.1M (NH4)2SO4 Solution XANES File
# 0.1M (NH4)2SO4 scan2 RT-XANES Feb96 X19A Si(111)
# 11:10:44  14-FEB-96
# INPUT TO FMERGE:                                 WZVPV      107     0.  0.10
# 0E+01  1.
#---------------------------------------------------------------------
#     energy          xmu        
  0.2322000E+04   0.2046572E-02
  0.2324000E+04   -.5925267E-02
  0.2326000E+04   0.2959171E-02
  0.2328000E+04   0.1362967E-01
  0.2330000E+04   -.9991264E-02
  0.2332000E+04   -.1300299E-01
  0.2334000E+04   -.9782879E-02
  0.2336000E+04   -.6717421E-02
  0.2338000E+04   0.2381652E-01
  0.2340000E+04   -.1650400E-02
  0.2342000E+04   -.7261696E-02
  0.2344000E+04   -.1420400E-01
  0.2346000E+04   0.4481284E-03
  0.2348000E+04   -.1325955E-01
  0.2350000E+04   0.8955850E-02
  0.2352000E+04   -.2031374E-02
  0.2354000E+04   0.7304106E-02
  0.2356000E+04   -.1220271E-01
  0.2358000E+04   -.6048225E-02
  0.2360000E+04   0.1798362E-01
  0.2362000E+04   0.7903074E-03
  0.2364000E+04   -.3664451E-02
  0.2366000E+04   -.2578222E-04
  0.2368000E+04   -.2165150E-02
  0.2370000E+04   0.1872388E-01
  0.2372000E+04   0.1053344E-02
  0.2374000E+04   0.9218795E-02
  0.2376000E+04   -.4014208E-02
  0.2378000E+04   -.3734595E-02
  0.2380000E+04   -.7373110E-02
  0.2382000E+04   0.8010246E-02
  0.2384000E+04   0.3249154E-02
  0.2386000E+04   0.7116516E-02
  0.2388000E+04   0.1140666E-01
  0.2390000E+04   -.3515991E-02
  0.2392000E+04   0.9036153E-02
  0.2394000E+04   0.2241104E-02
  0.2396000E+04   -.7552218E-03
  0.2398000E+04   -.2891002E-02
  0.2400000E+04   0.7958406E-02
  0.2402000E+04   -.4270379E-02
  0.2404000E+04   0.6269373E-03
  0.2406000E+04   0.1532400E-01
  0.2408000E+04   0.8675165E-02
  0.2410000E+04   -.2403400E-03
  0.2412000E+04   0.4569419E-02
  0.2414000E+04   -.8239735E-02
  0.2416000E+04   -.5274502E-03
  0.2418000E+04   0.2226203E-02
  0.2420000E+04   0.2522691E-02
  0.2422000E+04   -.7291331E-02
  0.2424000E+04   -.1660473E-02
  0.2426000E+04   -.2402635E-01
  0.2428000E+04   -.8262827E-02
  0.2430000E+04   0.5008087E-02
  0.2432000E+04   -.8119847E-02
  0.2434000E+04   0.1578928E-02
  0.2436000E+04   -.3085324E-02
  0.2438000E+04   -.2592208E-01
  0.2440000E+04   0.5742011E-02
  0.2442000E+04   -.2025507E-01
  0.2444000E+04   0.2710885E-03
  0.2446000E+04   -.6729231E-02
  0.2448000E+04   -.6830421E-02
  0.2450000E+04   -.1517071E-02
  0.2452000E+04   -.4658755E-02
  0.2454000E+04   0.4551836E-02
  0.2456000E+04   0.6331653E-02
  0.2458000E+04   -.8746480E-02
  0.2460000E+04   -.2179583E-03
  0.2462000E+04   -.6073770E-02
  0.2462100E+04   0.1689009E-02
  0.2462200E+04   -.8950429E-02
  0.2462300E+04   0.1915922E-02
  0.2462400E+04   0.4358081E-02
  0.2462500E+04   -.1606068E-01
  0.2462600E+04   0.1110877E-01
  0.2462700E+04   0.1065664E-01
  0.2462800E+04   0.8791829E-03
  0.2462900E+04   -.9813415E-02
  0.2463000E+04   -.2237773E-02
  0.2463100E+04   0.2132610E-02
  0.2463200E+04   -.1073783E-01
  0.2463300E+04   -.1828013E-02
  0.2463400E+04   0.6343239E-02
  0.2463500E+04   -.7469430E-02
  0.2463600E+04   -.5084481E-02
  0.2463700E+04   0.6568107E-04
  0.2463800E+04   -.8202444E-03
  0.2463900E+04   0.4870004E-02
  0.2464000E+04   -.1256333E-01
  0.2464100E+04   0.6481605E-03
  0.2464200E+04   0.4816685E-02
  0.2464300E+04   0.6296362E-02
  0.2464400E+04   -.1765870E-02
  0.2464500E+04   -.8183838E-02
  0.2464600E+04   -.7182437E-02
  0.2464700E+04   0.1508180E-01
  0.2464800E+04   0.1539102E-01
  0.2464900E+04   0.4875845E-02
  0.2465000E+04   0.2916704E-01
  0.2465100E+04   -.6128462E-02
  0.2465200E+04   0.7241926E-02
  0.2465300E+04   0.3006434E-02
  0.2465400E+04   0.1838842E-01
  0.2465500E+04   -.1236679E-02
  0.2465600E+04   0.5621881E-02
  0.2465700E+04   0.1062901E-01
  0.2465800E+04   0.1450678E-01
  0.2465900E+04   -.6424177E-02
  0.2466000E+04   -.5999983E-02
  0.2466100E+04   0.1793615E-01
  0.2466200E+04   0.2000106E-02
  0.2466300E+04   0.5306570E-02
  0.2466400E+04   -.1650393E-02
  0.2466500E+04   0.3192141E-02
  0.2466600E+04   0.1846544E-01
  0.2466700E+04   0.1132565E-02
  0.2466800E+04   0.6856319E-02
  0.2466900E+04   0.1915414E-01
  0.2467000E+04   -.8671591E-03
  0.2467100E+04   0.3041832E-02
  0.2467200E+04   0.6897278E-02
  0.2467300E+04   0.1557993E-02
  0.2467400E+04   0.1178114E-01
  0.2467500E+04   0.1625933E-01
  0.2467600E+04   0.1213958E-02
  0.2467700E+04   0.5047040E-02
  0.2467800E+04   0.2155852E-01
  0.2467900E+04   0.1682792E-01
  0.2468000E+04   0.2332130E-01
  0.2468100E+04   -.8136676E-02
  0.2468200E+04   0.1694738E-01
  0.2468300E+04   0.7865708E-02
  0.2468400E+04   0.1247811E-01
  0.2468500E+04   0.1847486E-01
  0.2468600E+04   0.1726425E-01
  0.2468700E+04   0.1063071E-01
  0.2468800E+04   0.2536899E-01
  0.2468900E+04   0.8410583E-02
  0.2469000E+04   0.1208941E-01
  0.2469100E+04   0.2099205E-01
  0.2469200E+04   0.1685111E-01
  0.2469300E+04   0.1421994E-02
  0.2469400E+04   0.9238818E-02
  0.2469500E+04   0.1405329E-01
  0.2469600E+04   0.1912494E-01
  0.2469700E+04   0.2370486E-01
  0.2469800E+04   0.1291095E-01
  0.2469900E+04   0.3170580E-01
  0.2470000E+04   0.2010323E-01
  0.2470100E+04   0.2178481E-01
  0.2470200E+04   0.9130613E-02
  0.2470300E+04   0.2644441E-01
  0.2470400E+04   0.6317453E-02
  0.2470500E+04   0.9861679E-02
  0.2470600E+04   0.8049596E-02
  0.2470700E+04   0.9618552E-02
  0.2470800E+04   0.2235600E-01
  0.2470900E+04   0.1419313E-01
  0.2471000E+04   0.2340084E-01
  0.2471100E+04   0.1897568E-01
  0.2471200E+04   0.2922625E-01
  0.2471300E+04   0.2502578E-01
  0.2471400E+04   0.2243020E-01
  0.2471500E+04   0.2933433E-01
  0.2471600E+04   0.2443175E-01
  0.2471700E+04   0.3445890E-01
  0.2471800E+04   0.4355375E-01
  0.2471900E+04   0.1069624E-01
  0.2472000E+04   0.2954484E-01
  0.2472100E+04   0.1308260E-01
  0.2472200E+04   0.2328106E-01
  0.2472300E+04   0.1608461E-01
  0.2472400E+04   0.2144554E-01
  0.2472500E+04   0.2473511E-01
  0.2472600E+04   0.3188249E-01
  0.2472700E+04   0.2469979E-01
  0.2472800E+04   0.3980706E-01
  0.2472900E+04   0.2775328E-01
  0.2473000E+04   0.2883296E-01
  0.2473100E+04   0.2477194E-01
  0.2473200E+04   0.4656698E-01
  0.2473300E+04   0.3834712E-01
  0.2473400E+04   0.2558132E-01
  0.2473500E+04   0.3292574E-01
  0.2473600E+04   0.4123999E-01
  0.2473700E+04   0.2698221E-01
  0.2473800E+04   0.4145319E-01
  0.2473900E+04   0.5428117E-01
  0.2474000E+04   0.4526892E-01
  0.2474100E+04   0.4153384E-01
  0.2474200E+04   0.2922964E-01
  0.2474300E+04   0.2665911E-01
  0.2474400E+04   0.2094709E-01
  0.2474500E+04   0.5178804E-01
  0.2474600E+04   0.5254220E-01
  0.2474700E+04   0.5847465E-01
  0.2474800E+04   0.3791327E-01
  0.2474900E+04   0.5671211E-01
  0.2475000E+04   0.4689057E-01
  0.2475100E+04   0.4937404E-01
  0.2475200E+04   0.6836064E-01
  0.2475300E+04   0.4843282E-01
  0.2475400E+04   0.6721142E-01
  0.2475500E+04   0.6374300E-01
  0.2475600E+04   0.6199421E-01
  0.2475700E+04   0.6619880E-01
  0.2475800E+04   0.5515891E-01
  0.2475900E+04   0.6714956E-01
  0.2476000E+04   0.6419677E-01
  0.2476100E+04   0.6378868E-01
  0.2476200E+04   0.5553595E-01
  0.2476300E+04   0.8878469E-01
  0.2476400E+04   0.9353445E-01
  0.2476500E+04   0.8330974E-01
  0.2476600E+04   0.7996307E-01
  0.2476700E+04   0.1010286E+00
  0.2476800E+04   0.1004910E+00
  0.2476900E+04   0.8759625E-01
  0.2477000E+04   0.9739806E-01
  0.2477100E+04   0.9535559E-01
  0.2477200E+04   0.9803130E-01
  0.2477300E+04   0.1164544E+00
  0.2477400E+04   0.1149946E+00
  0.2477500E+04   0.1192127E+00
  0.2477600E+04   0.1242411E+00
  0.2477700E+04   0.1192594E+00
  0.2477800E+04   0.1333912E+00
  0.2477900E+04   0.1708246E+00
  0.2478000E+04   0.1526467E+00
  0.2478100E+04   0.1522882E+00
  0.2478200E+04   0.1565926E+00
  0.2478300E+04   0.1798602E+00
  0.2478400E+04   0.1895810E+00
  0.2478500E+04   0.1882559E+00
  0.2478600E+04   0.2160177E+00
  0.2478700E+04   0.2264312E+00
  0.2478800E+04   0.2543968E+00
  0.2478900E+04   0.2578922E+00
  0.2479000E+04   0.2791169E+00
  0.2479100E+04   0.3085593E+00
  0.2479200E+04   0.3478667E+00
  0.2479300E+04   0.3785711E+00
  0.2479400E+04   0.4050723E+00
  0.2479500E+04   0.4529978E+00
  0.2479600E+04   0.5107539E+00
  0.2479700E+04   0.5925156E+00
  0.2479800E+04   0.6836157E+00
  0.2479900E+04   0.7957498E+00
  0.2480000E+04   0.9294843E+00
  0.2480100E+04   0.1068413E+01
  0.2480200E+04   0.1241531E+01
  0.2480300E+04   0.1459162E+01
  0.2480400E+04   0.1669557E+01
  0.2480500E+04   0.1939158E+01
  0.2480600E+04   0.2320716E+01
  0.2480700E+04   0.2757783E+01
  0.2480800E+04   0.3318429E+01
  0.2480900E+04   0.4088827E+01
  0.2481000E+04   0.4976146E+01
  0.2481100E+04   0.5975829E+01
  0.2481200E+04   0.7008103E+01
  0.2481300E+04   0.7993454E+01
  0.2481400E+04   0.8881684E+01
  0.2481500E+04   0.9557740E+01
  0.2481600E+04   0.1002237E+02
  0.2481700E+04   0.1027905E+02
  0.2481800E+04   0.1034409E+02
  0.2481900E+04   0.1017067E+02
  0.2482000E+04   0.9836299E+01
  0.2482100E+04   0.9454559E+01
  0.2482200E+04   0.8886066E+01
  0.2482300E+04   0.8286026E+01
  0.2482400E+04   0.7641921E+01
  0.2482500E+04   0.7039891E+01
  0.2482600E+04   0.6395997E+01
  0.2482700E+04   0.5759097E+01
  0.2482800E+04   0.5138548E+01
  0.2482900E+04   0.4648819E+01
  0.2483000E+04   0.4174294E+01
  0.2483100E+04   0.3749448E+01
  0.2483200E+04   0.3360548E+01
  0.2483300E+04   0.3004935E+01
  0.2483400E+04   0.2703230E+01
  0.2483500E+04   0.2457256E+01
  0.2483600E+04   0.2252508E+01
  0.2483700E+04   0.2049670E+01
  0.2483800E+04   0.1909940E+01
  0.2483900E+04   0.1758960E+01
  0.2484000E+04   0.1648410E+01
  0.2484100E+04   0.1549288E+01
  0.2484200E+04   0.1484037E+01
  0.2484300E+04   0.1396386E+01
  0.2484400E+04   0.1342878E+01
  0.2484500E+04   0.1311760E+01
  0.2484600E+04   0.1255212E+01
  0.2484700E+04   0.1218631E+01
  0.2484800E+04   0.1203962E+01
  0.2484900E+04   0.1189855E+01
  0.2485000E+04   0.1151563E+01
  0.2485100E+04   0.1154914E+01
  0.2485200E+04   0.1125939E+01
  0.2485300E+04   0.1131071E+01
  0.2485400E+04   0.1121435E+01
  0.2485500E+04   0.1108186E+01
  0.2485600E+04   0.1113254E+01
  0.2485700E+04   0.1112147E+01
  0.2485800E+04   0.1079374E+01
  0.2485900E+04   0.1075817E+01
  0.2486000E+04   0.1059583E+01
  0.2486100E+04   0.1059939E+01
  0.2486200E+04   0.1067551E+01
  0.2486300E+04   0.1044846E+01
  0.2486400E+04   0.1066628E+01
  0.2486500E+04   0.1041541E+01
  0.2486600E+04   0.1040208E+01
  0.2486700E+04   0.1041152E+01
  0.2486800E+04   0.1036403E+01
  0.2486900E+04   0.1035698E+01
  0.2487000E+04   0.1032761E+01
  0.2487100E+04   0.1019210E+01
  0.2487200E+04   0.1013069E+01
  0.2487300E+04   0.1022436E+01
  0.2487400E+04   0.1034088E+01
  0.2487500E+04   0.1019468E+01
  0.2487600E+04   0.1008778E+01
  0.2487700E+04   0.1029859E+01
  0.2487800E+04   0.1024663E+01
  0.2487900E+04   0.1025670E+01
  0.2488000E+04   0.1033400E+01
  0.2488100E+04   0.1024242E+01
  0.2488200E+04   0.1029281E+01
  0.2488300E+04   0.1040977E+01
  0.2488400E+04   0.1038506E+01
  0.2488500E+04   0.1038117E+01
  0.2488600E+04   0.1047395E+01
  0.2488700E+04   0.1034810E+01
  0.2488800E+04   0.1043554E+01
  0.2488900E+04   0.1050629E+01
  0.2489000E+04   0.1078547E+01
  0.2489100E+04   0.1080865E+01
  0.2489200E+04   0.1078146E+01
  0.2489300E+04   0.1095702E+01
  0.2489400E+04   0.1095304E+01
  0.2489500E+04   0.1094010E+01
  0.2489600E+04   0.1102854E+01
  0.2489700E+04   0.1117524E+01
  0.2489800E+04   0.1121838E+01
  0.2489900E+04   0.1109663E+01
  0.2490000E+04   0.1138899E+01
  0.2490100E+04   0.1136208E+01
  0.2490200E+04   0.1151890E+01
  0.2490300E+04   0.1163139E+01
  0.2490400E+04   0.1173897E+01
  0.2490500E+04   0.1177910E+01
  0.2490600E+04   0.1160892E+01
  0.2490700E+04   0.1184854E+01
  0.2490800E+04   0.1181486E+01
  0.2490900E+04   0.1186815E+01
  0.2491000E+04   0.1215124E+01
  0.2491100E+04   0.1215264E+01
  0.2491200E+04   0.1237566E+01
  0.2491300E+04   0.1238263E+01
  0.2491400E+04   0.1251452E+01
  0.2491500E+04   0.1274818E+01
  0.2491600E+04   0.1283638E+01
  0.2491700E+04   0.1282909E+01
  0.2491800E+04   0.1293210E+01
  0.2491900E+04   0.1305604E+01
  0.2492000E+04   0.1316065E+01
  0.2492100E+04   0.1348407E+01
  0.2492200E+04   0.1359385E+01
  0.2492300E+04   0.1388753E+01
  0.2492400E+04   0.1360740E+01
  0.2492500E+04   0.1411617E+01
  0.2492600E+04   0.1403465E+01
  0.2492700E+04   0.1424505E+01
  0.2492800E+04   0.1434357E+01
  0.2492900E+04   0.1445596E+01
  0.2493000E+04   0.1456715E+01
  0.2493100E+04   0.1514931E+01
  0.2493200E+04   0.1504618E+01
  0.2493300E+04   0.1526848E+01
  0.2493400E+04   0.1522461E+01
  0.2493500E+04   0.1556441E+01
  0.2493600E+04   0.1561908E+01
  0.2493700E+04   0.1574308E+01
  0.2493800E+04   0.1609096E+01
  0.2493900E+04   0.1602224E+01
  0.2494000E+04   0.1627557E+01
  0.2494100E+04   0.1640344E+01
  0.2494200E+04   0.1654772E+01
  0.2494300E+04   0.1686644E+01
  0.2494400E+04   0.1689651E+01
  0.2494500E+04   0.1706273E+01
  0.2494600E+04   0.1708296E+01
  0.2494700E+04   0.1724558E+01
  0.2494800E+04   0.1751548E+01
  0.2494900E+04   0.1750024E+01
  0.2495000E+04   0.1771224E+01
  0.2495100E+04   0.1764539E+01
  0.2495200E+04   0.1799755E+01
  0.2495300E+04   0.1811239E+01
  0.2495400E+04   0.1813955E+01
  0.2495500E+04   0.1818636E+01
  0.2495600E+04   0.1854688E+01
  0.2495700E+04   0.1846393E+01
  0.2495800E+04   0.1858906E+01
  0.2495900E+04   0.1878109E+01
  0.2496000E+04   0.1881717E+01
  0.2496100E+04   0.1892179E+01
  0.2496200E+04   0.1902990E+01
  0.2496300E+04   0.1893155E+01
  0.2496400E+04   0.1907379E+01
  0.2496500E+04   0.1937919E+01
  0.2496600E+04   0.1911431E+01
  0.2496700E+04   0.1915079E+01
  0.2496800E+04   0.1937467E+01
  0.2496900E+04   0.1935585E+01
  0.2497000E+04   0.1952092E+01
  0.2497100E+04   0.1938782E+01
  0.2497200E+04   0.1939332E+01
  0.2497300E+04   0.1968906E+01
  0.2497400E+04   0.1954657E+01
  0.2497500E+04   0.1954258E+01
  0.2497600E+04   0.1947738E+01
  0.2497700E+04   0.1953066E+01
  0.2497800E+04   0.1947369E+01
  0.2497900E+04   0.1950783E+01
  0.2498000E+04   0.1957336E+01
  0.2498100E+04   0.1939184E+01
  0.2498200E+04   0.1945538E+01
  0.2498300E+04   0.1944829E+01
  0.2498400E+04   0.1931008E+01
  0.2498500E+04   0.1926236E+01
  0.2498600E+04   0.1893844E+01
  0.2498700E+04   0.1896932E+01
  0.2498800E+04   0.1902565E+01
  0.2498900E+04   0.1878498E+01
  0.2499000E+04   0.1880934E+01
  0.2499100E+04   0.1863051E+01
  0.2499200E+04   0.1852714E+01
  0.2499300E+04   0.1835761E+01
  0.2499400E+04   0.1818692E+01
  0.2499500E+04   0.1824389E+01
  0.2499600E+04   0.1770640E+01
  0.2499700E+04   0.1785404E+01
  0.2499800E+04   0.1772944E+01
  0.2499900E+04   0.1754547E+01
  0.2500000E+04   0.1750114E+01
  0.2500100E+04   0.1708045E+01
  0.2500200E+04   0.1713809E+01
  0.2500300E+04   0.1687364E+01
  0.2500400E+04   0.1686880E+01
  0.2500500E+04   0.1677644E+01
  0.2500600E+04   0.1662107E+01
  0.2500700E+04   0.1651845E+01
  0.2500800E+04   0.1634742E+01
  0.2500900E+04   0.1614796E+01
  0.2501000E+04   0.1618206E+01
  0.2501100E+04   0.1596801E+01
  0.2501200E+04   0.1575778E+01
  0.2501300E+04   0.1569830E+01
  0.2501400E+04   0.1552354E+01
  0.2501500E+04   0.1550139E+01
  0.2501600E+04   0.1530022E+01
  0.2501700E+04   0.1518078E+01
  0.2501800E+04   0.1501643E+01
  0.2501900E+04   0.1486793E+01
  0.2502000E+04   0.1478951E+01
  0.2502100E+04   0.1481062E+01
  0.2502200E+04   0.1435598E+01
  0.2502300E+04   0.1455371E+01
  0.2502400E+04   0.1434077E+01
  0.2502500E+04   0.1434329E+01
  0.2502600E+04   0.1427468E+01
  0.2502700E+04   0.1408253E+01
  0.2502800E+04   0.1379950E+01
  0.2502900E+04   0.1375821E+01
  0.2503000E+04   0.1373204E+01
  0.2503100E+04   0.1352609E+01
  0.2503200E+04   0.1340541E+01
  0.2503300E+04   0.1330175E+01
  0.2503400E+04   0.1328159E+01
  0.2503500E+04   0.1327276E+01
  0.2503600E+04   0.1314121E+01
  0.2503700E+04   0.1309773E+01
  0.2503800E+04   0.1293323E+01
  0.2503900E+04   0.1268749E+01
  0.2504000E+04   0.1281794E+01
  0.2504100E+04   0.1265025E+01
  0.2504200E+04   0.1280248E+01
  0.2504300E+04   0.1255590E+01
  0.2504400E+04   0.1230166E+01
  0.2504500E+04   0.1230307E+01
  0.2504600E+04   0.1220996E+01
  0.2504700E+04   0.1222025E+01
  0.2504800E+04   0.1226098E+01
  0.2504900E+04   0.1205373E+01
  0.2505000E+04   0.1191629E+01
  0.2505100E+04   0.1198833E+01
  0.2505200E+04   0.1190671E+01
  0.2505300E+04   0.1181428E+01
  0.2505400E+04   0.1152896E+01
  0.2505500E+04   0.1173022E+01
  0.2505600E+04   0.1166304E+01
  0.2505700E+04   0.1159695E+01
  0.2505800E+04   0.1169558E+01
  0.2505900E+04   0.1141396E+01
  0.2506000E+04   0.1152002E+01
  0.2506100E+04   0.1132203E+01
  0.2506200E+04   0.1119908E+01
  0.2506300E+04   0.1137619E+01
  0.2506400E+04   0.1109902E+01
  0.2506500E+04   0.1112601E+01
  0.2506600E+04   0.1119680E+01
  0.2506700E+04   0.1119505E+01
  0.2506800E+04   0.1111521E+01
  0.2506900E+04   0.1092624E+01
  0.2507000E+04   0.1078128E+01
  0.2508000E+04   0.1061626E+01
  0.2509000E+04   0.1035723E+01
  0.2510000E+04   0.1025643E+01
  0.2511000E+04   0.1054130E+01
  0.2512000E+04   0.1047056E+01
  0.2513000E+04   0.1037467E+01
  0.2514000E+04   0.1042325E+01
  0.2515000E+04   0.1049811E+01
  0.2516000E+04   0.1055773E+01
  0.2517000E+04   0.1065522E+01
  0.2518000E+04   0.1066776E+01
  0.2519000E+04   0.1070455E+01
  0.2520000E+04   0.1065172E+01
  0.2521000E+04   0.1060143E+01
  0.2522000E+04   0.1040537E+01
  0.2523000E+04   0.1042584E+01
  0.2524000E+04   0.1050050E+01
  0.2525000E+04   0.1026107E+01
  0.2526000E+04   0.1005794E+01
  0.2527000E+04   0.1022198E+01
  0.2528000E+04   0.1023121E+01
  0.2529000E+04   0.1025107E+01
  0.2530000E+04   0.1016613E+01
  0.2531000E+04   0.1011289E+01
  0.2532000E+04   0.1026951E+01
  0.2533000E+04   0.1037433E+01
  0.2534000E+04   0.1035536E+01
  0.2535000E+04   0.1041165E+01
  0.2536000E+04   0.1051885E+01
  0.2537000E+04   0.1030484E+01
  0.2538000E+04   0.1032431E+01
  0.2539000E+04   0.1037794E+01
  0.2540000E+04   0.1064963E+01
  0.2541000E+04   0.1074561E+01
  0.2542000E+04   0.1086636E+01
  0.2543000E+04   0.1105181E+01
  0.2544000E+04   0.1102149E+01
  0.2545000E+04   0.1118902E+01
  0.2546000E+04   0.1123826E+01
  0.2547000E+04   0.1142579E+01
  0.2548000E+04   0.1143809E+01
  0.2549000E+04   0.1143344E+01
  0.2550000E+04   0.1168794E+01
  0.2551000E+04   0.1178985E+01
  0.2552000E+04   0.1191245E+01
  0.2553000E+04   0.1214791E+01
  0.2554000E+04   0.1200471E+01
  0.2555000E+04   0.1209428E+01
  0.2556000E+04   0.1231013E+01
  0.2557000E+04   0.1218820E+01
  0.2558000E+04   0.1238749E+01
  0.2559000E+04   0.1248922E+01
  0.2560000E+04   0.1229198E+01
  0.2561000E+04   0.1251503E+01
  0.2562000E+04   0.1279115E+01
  0.2563000E+04   0.1253677E+01
  0.2564000E+04   0.1265861E+01
  0.2565000E+04   0.1280445E+01
  0.2566000E+04   0.1286576E+01
  0.2567000E+04   0.1280817E+01
  0.2568000E+04   0.1278361E+01
  0.2569000E+04   0.1314912E+01
  0.2570000E+04   0.1322226E+01
  0.2571000E+04   0.1316994E+01
  0.2572000E+04   0.1305386E+01
  0.2573000E+04   0.1310995E+01
  0.2574000E+04   0.1317622E+01
  0.2575000E+04   0.1325344E+01
  0.2576000E+04   0.1328978E+01
  0.2577000E+04   0.1316864E+01
  0.2578000E+04   0.1348049E+01
  0.2579000E+04   0.1341053E+01
  0.2580000E+04   0.1332571E+01
  0.2581000E+04   0.1320780E+01
  0.2582000E+04   0.1334023E+01
  0.2583000E+04   0.1317213E+01
  0.2584000E+04   0.1326159E+01
  0.2585000E+04   0.1341992E+01
  0.2586000E+04   0.1320018E+01
  0.2587000E+04   0.1325517E+01
  0.2588000E+04   0.1311531E+01
  0.2589000E+04   0.1317192E+01
  0.2590000E+04   0.1304353E+01
  0.2591000E+04   0.1339241E+01
  0.2592000E+04   0.1298535E+01
  0.2593000E+04   0.1282029E+01
  0.2594000E+04   0.1295441E+01
  0.2595000E+04   0.1293094E+01
  0.2596000E+04   0.1283100E+01
  0.2597000E+04   0.1286705E+01
  0.2598000E+04   0.1291142E+01
  0.2599000E+04   0.1273717E+01
  0.2600000E+04   0.1295131E+01
  0.2601000E+04   0.1286359E+01
  0.2602000E+04   0.1286705E+01
  0.2603000E+04   0.1258641E+01
  0.2604000E+04   0.1272164E+01
  0.2605000E+04   0.1258741E+01
  0.2606000E+04   0.1281120E+01
  0.2607000E+04   0.1271974E+01
  0.2608000E+04   0.1269059E+01
  0.2608990E+04   0.1267802E+01
  0.2610000E+04   0.1252927E+01
  0.2611000E+04   0.1240806E+01
  0.2612000E+04   0.1265415E+01
  0.2613000E+04   0.1257519E+01
  0.2614000E+04   0.1259307E+01
  0.2615000E+04   0.1256335E+01
  0.2616000E+04   0.1243881E+01
  0.2617000E+04   0.1229802E+01
  0.2618000E+04   0.1239928E+01
  0.2619010E+04   0.1252593E+01
  0.2620000E+04   0.1242814E+01
  0.2621000E+04   0.1230562E+01
  0.2622000E+04   0.1234556E+01
  0.2623000E+04   0.1248587E+01
  0.2624000E+04   0.1238102E+01
  0.2625000E+04   0.1245738E+01
  0.2626000E+04   0.1229208E+01
  0.2627000E+04   0.1246563E+01
  0.2628000E+04   0.1240417E+01
  0.2629000E+04   0.1240704E+01
  0.2630000E+04   0.1233186E+01
  0.2631000E+04   0.1252347E+01
  0.2632000E+04   0.1248774E+01
  0.2633000E+04   0.1248610E+01
  0.2634000E+04   0.1240147E+01
  0.2635000E+04   0.1251231E+01
  0.2636000E+04   0.1226699E+01
  0.2637000E+04   0.1224943E+01
  0.2638010E+04   0.1240377E+01
  0.2639000E+04   0.1236390E+01
  0.2639990E+04   0.1227745E+01
  0.2641000E+04   0.1268046E+01
  0.2642000E+04   0.1258597E+01
  0.2643000E+04   0.1240431E+01
  0.2644000E+04   0.1255126E+01
  0.2645000E+04   0.1259218E+01
  0.2646000E+04   0.1256656E+01
  0.2647000E+04   0.1244592E+01
  0.2648000E+04   0.1254125E+01
  0.2649010E+04   0.1264817E+01
  0.2650000E+04   0.1257467E+01
  0.2651000E+04   0.1261910E+01
  0.2652000E+04   0.1235021E+01
  0.2653000E+04   0.1270776E+01
  0.2654000E+04   0.1280316E+01
  0.2655000E+04   0.1303085E+01
  0.2656000E+04   0.1268191E+01
  0.2657010E+04   0.1282710E+01
  0.2658000E+04   0.1296012E+01
  0.2659010E+04   0.1278683E+01
  0.2660000E+04   0.1295524E+01
  0.2661000E+04   0.1313025E+01
  0.2662000E+04   0.1300787E+01
  0.2663000E+04   0.1304190E+01
  0.2664000E+04   0.1315621E+01
  0.2665000E+04   0.1324893E+01
  0.2666000E+04   0.1316308E+01
  0.2667000E+04   0.1325127E+01
  0.2668000E+04   0.1319502E+01
  0.2669000E+04   0.1329966E+01
  0.2670000E+04   0.1340990E+01
  0.2671000E+04   0.1331775E+01
  0.2672000E+04   0.1333689E+01
  0.2673000E+04   0.1346659E+01
  0.2674000E+04   0.1360101E+01
  0.2674990E+04   0.1367785E+01
  0.2676000E+04   0.1364975E+01
  0.2677000E+04   0.1363027E+01
  0.2678000E+04   0.1386287E+01
  0.2679000E+04   0.1360366E+01
  0.2680000E+04   0.1396060E+01
  0.2681000E+04   0.1387964E+01
  0.2682000E+04   0.1399600E+01
  0.2683000E+04   0.1398805E+01
  0.2684000E+04   0.1398999E+01
  0.2685010E+04   0.1388837E+01
  0.2686000E+04   0.1422585E+01
  0.2687000E+04   0.1411400E+01
  0.2688000E+04   0.1425309E+01
  0.2689010E+04   0.1412758E+01
  0.2690000E+04   0.1424884E+01
  0.2691000E+04   0.1428871E+01
  0.2692000E+04   0.1425847E+01
  0.2693000E+04   0.1434918E+01
  0.2694000E+04   0.1449009E+01
  0.2695000E+04   0.1468617E+01
  0.2696000E+04   0.1460022E+01
  0.2697000E+04   0.1473297E+01
  0.2698000E+04   0.1443532E+01
  0.2699000E+04   0.1450563E+01
  0.2700000E+04   0.1447079E+01
  0.2701000E+04   0.1463100E+01
  0.2702000E+04   0.1458465E+01
  0.2703000E+04   0.1469872E+01
  0.2704010E+04   0.1465774E+01
  0.2705000E+04   0.1483797E+01
  0.2706010E+04   0.1475423E+01
  0.2707000E+04   0.1489471E+01
  0.2708000E+04   0.1473442E+01
  0.2709000E+04   0.1486845E+01
  0.2710000E+04   0.1502460E+01
  0.2711000E+04   0.1501000E+01
  0.2712000E+04   0.1487583E+01
  0.2713000E+04   0.1472125E+01
  0.2714000E+04   0.1510708E+01
  0.2715000E+04   0.1497911E+01
  0.2716000E+04   0.1502033E+01
  0.2717000E+04   0.1485792E+01
  0.2718000E+04   0.1510843E+01
  0.2719000E+04   0.1501737E+01
  0.2720000E+04   0.1489352E+01
  0.2721000E+04   0.1493945E+01
  0.2722000E+04   0.1506129E+01
  0.2722990E+04   0.1522251E+01
  0.2724010E+04   0.1499768E+01
  0.2724990E+04   0.1514115E+01
  0.2726000E+04   0.1524284E+01
  0.2727000E+04   0.1521894E+01
  0.2728000E+04   0.1512449E+01
  0.2729000E+04   0.1520007E+01
  0.2730000E+04   0.1528316E+01
  0.2731000E+04   0.1525458E+01
  0.2732000E+04   0.1525627E+01
  0.2733010E+04   0.1539669E+01
  0.2734000E+04   0.1526367E+01
  0.2735010E+04   0.1538402E+01
  0.2735990E+04   0.1550169E+01
  0.2737000E+04   0.1537958E+01
  0.2738000E+04   0.1531157E+01
  0.2738990E+04   0.1550968E+01
  0.2740000E+04   0.1527306E+01
  0.2741000E+04   0.1556867E+01
  0.2742010E+04   0.1553526E+01
  0.2743000E+04   0.1554192E+01
  0.2744000E+04   0.1541872E+01
  0.2745000E+04   0.1545955E+01
  0.2746000E+04   0.1552261E+01
  0.2747010E+04   0.1552042E+01
  0.2748000E+04   0.1536192E+01
  0.2749000E+04   0.1533183E+01
  0.2749990E+04   0.1563905E+01
  0.2751000E+04   0.1561414E+01
  0.2752000E+04   0.1575280E+01
  0.2752990E+04   0.1564948E+01
  0.2754000E+04   0.1565263E+01
  0.2755000E+04   0.1585217E+01
  0.2756000E+04   0.1585286E+01
  0.2757010E+04   0.1577861E+01
  0.2758000E+04   0.1562189E+01
  0.2759000E+04   0.1561829E+01
  0.2760010E+04   0.1556418E+01
  0.2761000E+04   0.1559869E+01
  0.2762010E+04   0.1583630E+01
  0.2763000E+04   0.1569500E+01
  0.2764000E+04   0.1572437E+01
  0.2765000E+04   0.1585716E+01
  0.2766000E+04   0.1560527E+01
  0.2767000E+04   0.1588555E+01
  0.2768000E+04   0.1594574E+01
  0.2769000E+04   0.1586219E+01
  0.2770000E+04   0.1574551E+01
  0.2771000E+04   0.1573357E+01
  0.2772000E+04   0.1578331E+01
  0.2773000E+04   0.1579155E+01
  0.2774010E+04   0.1588362E+01
  0.2775000E+04   0.1592874E+01
  0.2776000E+04   0.1609059E+01
  0.2777000E+04   0.1572151E+01
  0.2778000E+04   0.1588144E+01
  0.2779000E+04   0.1603373E+01
  0.2780000E+04   0.1582928E+01
  0.2781000E+04   0.1612768E+01
  0.2782000E+04   0.1591363E+01
  0.2783000E+04   0.1578955E+01
  0.2783990E+04   0.1604348E+01
  0.2785000E+04   0.1607098E+01
  0.2786000E+04   0.1603688E+01
  0.2786990E+04   0.1619011E+01
  0.2788010E+04   0.1615410E+01
  0.2789000E+04   0.1619845E+01
  0.2790000E+04   0.1613560E+01
  0.2791010E+04   0.1613313E+01
  0.2791990E+04   0.1626850E+01
  0.2793000E+04   0.1630556E+01
  0.2794000E+04   0.1625787E+01
  0.2795000E+04   0.1600068E+01
  0.2796000E+04   0.1627181E+01
  0.2797000E+04   0.1614059E+01
  0.2798010E+04   0.1641062E+01
  0.2799000E+04   0.1616283E+01
  0.2800000E+04   0.1620529E+01
  0.2801000E+04   0.1659606E+01
  0.2802000E+04   0.1641540E+01
  0.2803000E+04   0.1611852E+01
  0.2804000E+04   0.1646204E+01
  0.2805000E+04   0.1636048E+01
  0.2805990E+04   0.1652404E+01
  0.2807000E+04   0.1639953E+01
  0.2808010E+04   0.1658692E+01
  0.2809000E+04   0.1663041E+01
  0.2810000E+04   0.1630194E+01
  0.2811000E+04   0.1659661E+01
  0.2812000E+04   0.1630067E+01
  0.2813000E+04   0.1663265E+01
  0.2814000E+04   0.1655573E+01
  0.2815000E+04   0.1659096E+01
  0.2816000E+04   0.1674396E+01
  0.2817000E+04   0.1666179E+01
  0.2818010E+04   0.1656330E+01
  0.2819000E+04   0.1664003E+01
  0.2820000E+04   0.1682400E+01
  0.2820990E+04   0.1684424E+01
  0.2822000E+04   0.1687620E+01
