 Copper example                                          Feff  6.01a  potph 4.12
 Abs   Z=29 Rmt= 1.291 Rnm= 1.427 K shell
 Pot 1 Z=29 Rmt= 1.275 Rnm= 1.395
 Gam_ch=1.761E+00 H-L exch
 Mu=-5.515E+00 kf=1.799E+00 Vint=-1.785E+01 Rs_int= 2.016
 S02  1.000                                              Feff  6.01a ff2chi 2.01
 Curved wave amplitude ratio filter   4.000%
    file           sig2  cw amp ratio   deg  nlegs  r effective
 feff0001.dat    0.00000    100.00     12.00     2   2.5527
 feff0002.dat    0.00000     22.98      6.00     2   3.6100
 feff0003.dat    0.00000     10.59     48.00     3   3.8290
 feff0004.dat    0.00000      8.65     48.00     3   4.3577
 feff0005.dat    0.00000     55.40     24.00     2   4.4213
 feff0006.dat    0.00000     10.62     48.00     3   4.7633
 feff0007.dat    0.00000     21.82     96.00     3   4.7633
 feff0008.dat    0.00000     18.93     12.00     2   5.1053
 feff0009.dat    0.00000      8.46     12.00     3   5.1053
 feff0010.dat    0.00000     43.71     24.00     3   5.1053
 feff0011.dat    0.00000      8.21     12.00     4   5.1053
 feff0014.dat    0.00000     32.80     12.00     4   5.1053
 feff0018.dat    0.00000      4.14     48.00     3   5.2920
 feff0019.dat    0.00000      4.09     48.00     3   5.2920
 feff0021.dat    0.00000      4.80     48.00     3   5.6977
 feff0022.dat    0.00000     27.86     24.00     2   5.7079
 feff0023.dat    0.00000      8.66     48.00     3   5.9353
 feff0024.dat    0.00000      7.11     48.00     3   5.9353
 feff0025.dat    0.00000      7.70     48.00     3   5.9353
 feff0026.dat    0.00000      5.08     96.00     3   6.0396
 feff0027.dat    0.00000      5.50     96.00     3   6.0396
 feff0028.dat    0.00000      5.28     96.00     4   6.0396
 feff0029.dat    0.00000      5.39     96.00     4   6.0396
 feff0035.dat    0.00000      7.17      8.00     2   6.2527
 feff0036.dat    0.00000      4.41     96.00     3   6.3409
 feff0037.dat    0.00000      5.99     96.00     3   6.3409
 feff0038.dat    0.00000      4.92     96.00     3   6.3409
   27/  30 paths used
 -------------------------------------------------------------------------------
      k          chi          mag           phase @#
     0.0000   -2.297905E-01  3.141862E-01 -2.321245E+00
     0.0500   -2.374350E-01  3.171674E-01 -2.295628E+00
     0.1000   -2.449728E-01  3.200363E-01 -2.269847E+00
     0.1500   -2.523904E-01  3.227944E-01 -2.243898E+00
     0.2000   -2.596743E-01  3.254435E-01 -2.217774E+00
     0.2500   -2.746407E-01  3.334138E-01 -2.173646E+00
     0.3000   -2.892830E-01  3.409433E-01 -2.128490E+00
     0.3500   -3.034670E-01  3.480258E-01 -2.082387E+00
     0.4000   -3.170611E-01  3.546559E-01 -2.035406E+00
     0.4500   -3.364913E-01  3.641377E-01 -1.962979E+00
     0.5000   -3.539572E-01  3.726484E-01 -1.888862E+00
     0.5500   -3.690586E-01  3.801736E-01 -1.813202E+00
     0.6000   -3.814280E-01  3.867001E-01 -1.736111E+00
     0.6500   -3.933801E-01  3.942534E-01 -1.637370E+00
     0.7000   -4.001344E-01  4.003659E-01 -1.536794E+00
     0.7500   -4.012600E-01  4.050149E-01 -1.434521E+00
     0.8000   -3.964660E-01  4.081789E-01 -1.330656E+00
     0.8500   -3.846289E-01  4.114232E-01 -1.207904E+00
     0.9000   -3.647737E-01  4.128460E-01 -1.083407E+00
     0.9500   -3.372126E-01  4.124168E-01 -9.573171E-01
     1.0000   -3.025704E-01  4.101101E-01 -8.297734E-01
     1.0500   -2.577350E-01  4.076072E-01 -6.845343E-01
     1.1000   -2.062854E-01  4.028092E-01 -5.376478E-01
     1.1500   -1.502817E-01  3.957333E-01 -3.895315E-01
     1.2000   -9.206427E-02  3.864421E-01 -2.405487E-01
     1.2500   -2.786788E-02  3.767951E-01 -7.402788E-02
     1.3000    3.415039E-02  3.645310E-01  9.382065E-02
     1.3500    9.068515E-02  3.496800E-01  2.623362E-01
     1.4000    1.387636E-01  3.323366E-01  4.307356E-01
     1.4500    1.815317E-01  3.139977E-01  6.164359E-01
     1.5000    2.104751E-01  2.929937E-01  8.014428E-01
     1.5500    2.244940E-01  2.695683E-01  9.841301E-01
     1.6000    2.239740E-01  2.440575E-01  1.162277E+00
     1.6500    2.117149E-01  2.169253E-01  1.351179E+00
     1.7000    1.881650E-01  1.883303E-01  1.528900E+00
     1.7500    1.579367E-01  1.590152E-01  1.687329E+00
     1.8000    1.262586E-01  1.300296E-01  1.812220E+00
     1.8500    9.712061E-02  1.021774E-01  1.886722E+00
     1.9000    7.681502E-02  7.987802E-02  1.848622E+00
     1.9500    6.836537E-02  6.870926E-02  1.670887E+00
     2.0000    7.228106E-02  7.265906E-02  1.468748E+00
     2.0500    8.844109E-02  8.968426E-02  1.404100E+00
     2.1000    1.111976E-01  1.116317E-01  1.482578E+00
     2.1500    1.335103E-01  1.338735E-01  1.644478E+00
     2.2000    1.481034E-01  1.541822E-01  1.852535E+00
     2.2500    1.450707E-01  1.703440E-01  2.122498E+00
     2.3000    1.191596E-01  1.791401E-01  2.413864E+00
     2.3500    7.416232E-02  1.803562E-01  2.717823E+00
     2.4000    1.944405E-02  1.743269E-01  3.029822E+00
     2.4500   -2.471297E-02  1.707881E-01  3.286802E+00
     2.5000   -6.468117E-02  1.646514E-01  3.545308E+00
     2.5500   -9.615468E-02  1.561912E-01  3.804767E+00
     2.6000   -1.162186E-01  1.457148E-01  4.064859E+00
     2.6500   -1.282720E-01  1.381679E-01  4.331617E+00
     2.7000   -1.288107E-01  1.296368E-01  4.599439E+00
     2.7500   -1.188396E-01  1.203048E-01  4.868619E+00
     2.8000   -1.004247E-01  1.103483E-01  5.139732E+00
     2.8500   -7.767530E-02  1.037692E-01  5.437329E+00
     2.9000   -5.040531E-02  9.698567E-02  5.736663E+00
     2.9500   -2.181846E-02  9.007452E-02  6.038525E+00
     3.0000    5.048446E-03  8.310238E-02  6.343973E+00
     3.0500    3.032025E-02  8.011678E-02  6.671307E+00
     3.1000    5.058191E-02  7.715765E-02  6.998117E+00
     3.1500    6.406972E-02  7.421686E-02  7.324913E+00
     3.2000    6.983472E-02  7.128091E-02  7.652202E+00
     3.2500    7.195114E-02  7.245240E-02  7.971681E+00
     3.3000    6.670313E-02  7.352657E-02  8.288204E+00
     3.3500    5.456185E-02  7.448059E-02  8.602696E+00
     3.4000    3.667626E-02  7.527897E-02  8.915892E+00
     3.4500    1.664972E-02  7.781647E-02  9.209150E+00
     3.5000   -6.008224E-03  7.979064E-02  9.500150E+00
     3.5500   -2.885719E-02  8.117700E-02  9.788211E+00
     3.6000   -4.946762E-02  8.198656E-02  1.007249E+01
     3.6500   -6.626944E-02  8.301883E-02  1.034916E+01
     3.7000   -7.715435E-02  8.283753E-02  1.062300E+01
     3.7500   -8.103688E-02  8.148880E-02  1.089021E+01
     3.8000   -7.826559E-02  7.917216E-02  1.114705E+01
     3.8500   -6.988933E-02  7.608159E-02  1.140182E+01
     3.9000   -5.725909E-02  7.191523E-02  1.164538E+01
     3.9500   -4.276902E-02  6.687573E-02  1.187248E+01
     4.0000   -2.885927E-02  6.128575E-02  1.207606E+01
     4.0500   -1.652166E-02  5.506351E-02  1.226163E+01
     4.1000   -7.801023E-03  4.903978E-02  1.240662E+01
     4.1500   -2.988651E-03  4.403576E-02  1.249845E+01
     4.2000   -1.287645E-03  4.113843E-02  1.253507E+01
     4.2500   -9.064955E-04  4.041666E-02  1.254394E+01
     4.3000   -3.733374E-04  4.293542E-02  1.255768E+01
     4.3500    2.336058E-03  4.828926E-02  1.261477E+01
     4.4000    8.829696E-03  5.558391E-02  1.272590E+01
     4.4500    1.937787E-02  6.312273E-02  1.287840E+01
     4.5000    3.384826E-02  7.108062E-02  1.306269E+01
     4.5500    5.107383E-02  7.899673E-02  1.326940E+01
     4.6000    6.910976E-02  8.653759E-02  1.349135E+01
     4.6500    8.507871E-02  9.302509E-02  1.372083E+01
     4.7000    9.724970E-02  9.886053E-02  1.395640E+01
     4.7500    1.037761E-01  1.039528E-01  1.419549E+01
     4.8000    1.034501E-01  1.082508E-01  1.443610E+01
     4.8500    9.575617E-02  1.113860E-01  1.467332E+01
     4.9000    8.152100E-02  1.138440E-01  1.490980E+01
     4.9500    6.176902E-02  1.156679E-01  1.514461E+01
     5.0000    3.799394E-02  1.169209E-01  1.537700E+01
     5.0500    1.217377E-02  1.178054E-01  1.560444E+01
     5.1000   -1.434289E-02  1.183803E-01  1.582942E+01
     5.1500   -4.002325E-02  1.187193E-01  1.605183E+01
     5.2000   -6.352680E-02  1.188939E-01  1.627166E+01
     5.2500   -8.410853E-02  1.189771E-01  1.649311E+01
     5.3000   -1.004047E-01  1.189382E-01  1.671299E+01
     5.3500   -1.116930E-01  1.187895E-01  1.693136E+01
     5.4000   -1.175242E-01  1.185323E-01  1.714825E+01
     5.4500   -1.173423E-01  1.177623E-01  1.736323E+01
     5.5000   -1.117015E-01  1.168356E-01  1.757631E+01
     5.5500   -1.011140E-01  1.157458E-01  1.778703E+01
     5.6000   -8.638196E-02  1.144961E-01  1.799474E+01
     5.6500   -6.822364E-02  1.130128E-01  1.820145E+01
     5.7000   -4.816231E-02  1.114524E-01  1.840270E+01
     5.7500   -2.745326E-02  1.099582E-01  1.859722E+01
     5.8000   -7.135105E-03  1.087461E-01  1.878390E+01
     5.8500    1.202114E-02  1.079000E-01  1.896120E+01
     5.9000    2.997940E-02  1.080712E-01  1.913065E+01
     5.9500    4.722516E-02  1.096611E-01  1.929477E+01
     6.0000    6.459029E-02  1.130304E-01  1.945782E+01
     6.0500    8.290897E-02  1.183197E-01  1.962596E+01
     6.1000    1.026078E-01  1.256995E-01  1.980452E+01
     6.1500    1.231129E-01  1.350082E-01  1.999743E+01
     6.2000    1.426128E-01  1.459313E-01  2.020668E+01
     6.2500    1.580411E-01  1.580530E-01  2.043259E+01
     6.3000    1.654198E-01  1.709015E-01  2.067431E+01
     6.3500    1.605666E-01  1.839831E-01  2.093039E+01
     6.4000    1.400700E-01  1.968031E-01  2.119920E+01
     6.4500    1.023396E-01  2.088796E-01  2.147912E+01
     6.5000    4.847492E-02  2.197531E-01  2.176873E+01
     6.5500   -1.804316E-02  2.283617E-01  2.207024E+01
     6.6000   -8.879179E-02  2.347774E-01  2.237900E+01
     6.6500   -1.543017E-01  2.386925E-01  2.269407E+01
     6.7000   -2.048370E-01  2.398615E-01  2.301474E+01
     6.7500   -2.322894E-01  2.381046E-01  2.334048E+01
     6.8000   -2.319255E-01  2.333104E-01  2.367096E+01
     6.8500   -2.035747E-01  2.254388E-01  2.400600E+01
     6.9000   -1.519405E-01  2.145221E-01  2.434569E+01
     6.9500   -8.590077E-02  2.006656E-01  2.469038E+01
     7.0000   -1.688807E-02  1.840481E-01  2.504085E+01
     7.0500    4.329146E-02  1.642337E-01  2.539949E+01
     7.1000    8.440659E-02  1.423856E-01  2.576728E+01
     7.1500    1.011438E-01  1.189536E-01  2.614926E+01
     7.2000    9.348172E-02  9.450705E-02  2.655610E+01
     7.2500    6.654816E-02  6.987889E-02  2.701353E+01
     7.3000    2.936425E-02  4.676181E-02  2.759541E+01
     7.3500   -7.236161E-03  3.052914E-02  2.851364E+01
     7.4000   -3.304203E-02  3.335684E-02  2.970764E+01
     7.4500   -4.071206E-02  5.127985E-02  3.049870E+01
     7.5000   -2.734177E-02  7.281048E-02  3.103097E+01
     7.5500    5.347394E-03  9.374644E-02  3.147300E+01
     7.6000    4.998868E-02  1.132689E-01  3.187300E+01
     7.6500    9.696158E-02  1.307852E-01  3.225105E+01
     7.7000    1.360207E-01  1.459410E-01  3.261589E+01
     7.7500    1.584890E-01  1.585067E-01  3.297179E+01
     7.8000    1.590219E-01  1.683392E-01  3.332099E+01
     7.8500    1.365869E-01  1.753664E-01  3.366466E+01
     7.9000    9.449774E-02  1.795797E-01  3.400338E+01
     7.9500    3.955074E-02  1.810294E-01  3.433727E+01
     8.0000   -1.949743E-02  1.798223E-01  3.466616E+01
     8.0500   -7.381837E-02  1.758836E-01  3.499064E+01
     8.1000   -1.158299E-01  1.697276E-01  3.530862E+01
     8.1500   -1.411097E-01  1.616273E-01  3.561896E+01
     8.2000   -1.486231E-01  1.519086E-01  3.591996E+01
     8.2500   -1.404941E-01  1.409563E-01  3.620932E+01
     8.3000   -1.211402E-01  1.292244E-01  3.648391E+01
     8.3500   -9.601506E-02  1.172518E-01  3.673966E+01
     8.4000   -7.027331E-02  1.056812E-01  3.697168E+01
     8.4500   -4.766766E-02  9.526933E-02  3.717511E+01
     8.5000   -2.991702E-02  8.685660E-02  3.734747E+01
     8.5500   -1.662975E-02  8.133826E-02  3.749321E+01
     8.6000   -5.812025E-03  7.909580E-02  3.762557E+01
     8.6500    5.176000E-03  8.002934E-02  3.776383E+01
     8.7000    1.863015E-02  8.346546E-02  3.792422E+01
     8.7500    3.563253E-02  8.843289E-02  3.811383E+01
     8.8000    5.557116E-02  9.396845E-02  3.833188E+01
     8.8500    7.617683E-02  9.927737E-02  3.857375E+01
     8.9000    9.406245E-02  1.037654E-01  3.883401E+01
     8.9500    1.056118E-01  1.070164E-01  3.910771E+01
     9.0000    1.079684E-01  1.087605E-01  3.939067E+01
     9.0500    9.983519E-02  1.089002E-01  3.968082E+01
     9.1000    8.181532E-02  1.073100E-01  3.997366E+01
     9.1500    5.652138E-02  1.040266E-01  4.026630E+01
     9.2000    2.788217E-02  9.916740E-02  4.055570E+01
     9.2500    2.172397E-04  9.292951E-02  4.083837E+01
     9.3000   -2.276905E-02  8.559346E-02  4.110996E+01
     9.3500   -3.880181E-02  7.753392E-02  4.136482E+01
     9.4000   -4.744166E-02  6.923964E-02  4.159556E+01
     9.4500   -4.998362E-02  6.134159E-02  4.179316E+01
     9.5000   -4.889568E-02  5.462983E-02  4.194922E+01
     9.5500   -4.687457E-02  4.991633E-02  4.206060E+01
     9.6000   -4.634629E-02  4.806539E-02  4.214325E+01
     9.6500   -4.843427E-02  4.924259E-02  4.223006E+01
     9.7000   -5.275865E-02  5.285634E-02  4.235070E+01
     9.7500   -5.761875E-02  5.793113E-02  4.251540E+01
     9.8000   -6.056203E-02  6.355075E-02  4.271941E+01
     9.8500   -5.915210E-02  6.903557E-02  4.295320E+01
     9.9000   -5.170281E-02  7.393651E-02  4.320790E+01
     9.9500   -3.777402E-02  7.798195E-02  4.347663E+01
    10.0000   -1.831098E-02  8.103031E-02  4.375435E+01
    10.0500    4.678861E-03  8.336559E-02  4.403845E+01
    10.1000    2.853921E-02  8.468354E-02  4.432604E+01
    10.1500    5.029015E-02  8.503338E-02  4.461511E+01
    10.2000    6.733144E-02  8.450297E-02  4.490427E+01
    10.2500    7.785479E-02  8.320306E-02  4.519259E+01
    10.3000    8.103251E-02  8.125168E-02  4.547963E+01
    10.3500    7.699176E-02  7.875898E-02  4.576533E+01
    10.4000    6.664273E-02  7.581354E-02  4.605006E+01
    10.4500    5.145120E-02  7.247180E-02  4.633447E+01
    10.5000    3.322911E-02  6.875209E-02  4.661945E+01
    10.5500    1.397320E-02  6.463451E-02  4.690598E+01
    10.6000   -4.265736E-03  6.006674E-02  4.719497E+01
    10.6500   -1.953006E-02  5.497486E-02  4.748708E+01
    10.7000   -3.016167E-02  4.927713E-02  4.778258E+01
    10.7500   -3.507400E-02  4.289868E-02  4.808112E+01
    10.8000   -3.404149E-02  3.578513E-02  4.838124E+01
    10.8500   -2.791116E-02  2.791461E-02  4.867896E+01
    10.9000   -1.862438E-02  1.931159E-02  4.896226E+01
    10.9500   -8.966124E-03  1.009788E-02  4.917268E+01
    11.0000   -2.031036E-03  2.441652E-03  4.810628E+01
    11.0500   -4.761544E-04  1.099305E-02  4.716722E+01
    11.1000   -5.913495E-03  2.180902E-02  4.739848E+01
    11.1500   -1.812633E-02  3.293049E-02  4.770678E+01
    11.2000   -3.489447E-02  4.408287E-02  4.803726E+01
    11.2500   -5.229803E-02  5.503224E-02  4.837814E+01
    11.3000   -6.551855E-02  6.554917E-02  4.872525E+01
    11.3500   -6.997610E-02  7.541002E-02  4.907663E+01
    11.4000   -6.252883E-02  8.440268E-02  4.943116E+01
    11.4500   -4.241988E-02  9.233303E-02  4.978814E+01
    11.5000   -1.170120E-02  9.903081E-02  5.014705E+01
    11.5500    2.501141E-02  1.043547E-01  5.050752E+01
    11.6000    6.142707E-02  1.081963E-01  5.086924E+01
    11.6500    9.091596E-02  1.104832E-01  5.123197E+01
    11.7000    1.079732E-01  1.111803E-01  5.159551E+01
    11.7500    1.094515E-01  1.102903E-01  5.195969E+01
    11.8000    9.525850E-02  1.078530E-01  5.232438E+01
    11.8500    6.835015E-02  1.039430E-01  5.268948E+01
    11.9000    3.403070E-02  9.866672E-02  5.305494E+01
    11.9500   -1.258992E-03  9.215867E-02  5.342074E+01
    12.0000   -3.136094E-02  8.457662E-02  5.378695E+01
    12.0500   -5.190100E-02  7.645370E-02  5.415328E+01
    12.1000   -6.064134E-02  6.758977E-02  5.452046E+01
    12.1500   -5.793963E-02  5.816803E-02  5.488923E+01
    12.2000   -4.644845E-02  4.837472E-02  5.526102E+01
    12.2500   -3.031044E-02  3.839595E-02  5.563881E+01
    12.3000   -1.409705E-02  2.841817E-02  5.602962E+01
    12.3500   -1.752933E-03  1.864347E-02  5.645451E+01
    12.4000    4.218577E-03  9.413249E-03  5.701337E+01
    12.4500    3.171767E-03  3.742749E-03  5.867911E+01
    12.5000   -3.715081E-03  9.922719E-03  6.007401E+01
    12.5500   -1.387113E-02  1.762532E-02  6.059619E+01
    12.6000   -2.403046E-02  2.481695E-02  6.100863E+01
    12.6500   -3.102250E-02  3.128020E-02  6.138951E+01
    12.7000   -3.248236E-02  3.692881E-02  6.175685E+01
    12.7500   -2.734191E-02  4.171171E-02  6.211701E+01
    12.8000   -1.601947E-02  4.559617E-02  6.247286E+01
    12.8500   -2.906768E-04  4.856256E-02  6.282587E+01
    12.9000    1.711530E-02  5.060210E-02  6.317689E+01
    12.9500    3.310136E-02  5.171583E-02  6.352643E+01
    13.0000    4.484745E-02  5.191433E-02  6.387477E+01
    13.0500    5.051924E-02  5.134293E-02  6.422329E+01
    13.1000    4.921135E-02  4.991215E-02  6.457042E+01
    13.1500    4.151751E-02  4.765644E-02  6.491584E+01
    13.2000    2.924130E-02  4.462278E-02  6.525887E+01
    13.2500    1.497465E-02  4.087238E-02  6.559834E+01
    13.3000    1.503885E-03  3.648270E-02  6.593221E+01
    13.3500   -8.822791E-03  3.155066E-02  6.625687E+01
    13.4000   -1.461721E-02  2.619930E-02  6.656533E+01
    13.4500   -1.573340E-02  2.059553E-02  6.684282E+01
    13.5000   -1.323555E-02  1.500892E-02  6.705321E+01
    13.5500   -9.054896E-03  1.004842E-02  6.709581E+01
    13.6000   -5.421093E-03  7.506167E-03  6.678045E+01
    13.6500   -4.217295E-03  9.470925E-03  6.643494E+01
    13.7000   -6.434098E-03  1.388199E-02  6.645537E+01
    13.7500   -1.187553E-02  1.873843E-02  6.665984E+01
    13.8000   -1.920354E-02  2.336878E-02  6.693794E+01
    13.8500   -2.631319E-02  2.749442E-02  6.725005E+01
    13.9000   -3.093568E-02  3.095546E-02  6.758000E+01
    13.9500   -3.129820E-02  3.364543E-02  6.791998E+01
    14.0000   -2.665016E-02  3.549315E-02  6.826569E+01
    14.0500   -1.750016E-02  3.656295E-02  6.861595E+01
    14.1000   -5.421216E-03  3.673144E-02  6.896691E+01
    14.1500    7.210604E-03  3.600547E-02  6.931667E+01
    14.2000    1.793416E-02  3.441960E-02  6.966312E+01
    14.2500    2.486396E-02  3.203662E-02  7.000351E+01
    14.3000    2.717412E-02  2.894925E-02  7.033383E+01
    14.3500    2.526614E-02  2.528479E-02  7.064742E+01
    14.4000    2.057692E-02  2.121842E-02  7.093236E+01
    14.4500    1.509213E-02  1.701062E-02  7.116535E+01
    14.5000    1.071768E-02  1.311296E-02  7.129986E+01
    14.5500    8.702013E-03  1.040795E-02  7.126651E+01
    14.6000    9.282387E-03  1.015125E-02  7.110259E+01
    14.6500    1.165599E-02  1.243573E-02  7.104184E+01
    14.7000    1.427510E-02  1.600111E-02  7.115459E+01
    14.7500    1.536660E-02  1.988738E-02  7.137358E+01
    14.8000    1.351088E-02  2.362629E-02  7.164786E+01
    14.8500    8.102090E-03  2.697817E-02  7.195160E+01
    14.9000   -4.450956E-04  2.980653E-02  7.227157E+01
    14.9500   -1.079523E-02  3.203250E-02  7.260037E+01
    15.0000   -2.105554E-02  3.361759E-02  7.293346E+01
    15.0500   -2.939661E-02  3.466994E-02  7.326864E+01
    15.1000   -3.423098E-02  3.511372E-02  7.360273E+01
    15.1500   -3.479494E-02  3.499253E-02  7.393375E+01
    15.2000   -3.120764E-02  3.437300E-02  7.425995E+01
    15.2500   -2.434362E-02  3.334161E-02  7.457972E+01
    15.3000   -1.552768E-02  3.200048E-02  7.489160E+01
    15.3500   -6.164675E-03  3.046174E-02  7.519444E+01
    15.4000    2.575976E-03  2.883965E-02  7.548767E+01
    15.4500    9.935336E-03  2.724031E-02  7.577157E+01
    15.5000    1.557232E-02  2.574911E-02  7.604770E+01
    15.5500    1.943897E-02  2.441784E-02  7.631904E+01
    15.6000    2.160257E-02  2.325520E-02  7.658975E+01
    15.6500    2.210383E-02  2.222499E-02  7.686456E+01
    15.7000    2.091477E-02  2.125397E-02  7.714792E+01
    15.7500    1.801113E-02  2.024722E-02  7.744344E+01
    15.8000    1.351931E-02  1.910594E-02  7.775373E+01
    15.8500    7.860807E-03  1.774283E-02  7.808083E+01
    15.9000    1.810449E-03  1.609316E-02  7.842708E+01
    15.9500   -3.586856E-03  1.412236E-02  7.879662E+01
    16.0000   -7.242979E-03  1.183399E-02  7.919847E+01
    16.0500   -8.360708E-03  9.300944E-03  7.965709E+01
    16.1000   -6.638205E-03  6.687984E-03  8.023270E+01
    16.1500   -2.565564E-03  4.638727E-03  8.109536E+01
    16.2000    2.632419E-03  4.789919E-03  8.226327E+01
    16.2500    7.256021E-03  7.311023E-03  8.312947E+01
    16.3000    9.572478E-03  1.073000E-02  8.372098E+01
    16.3500    8.322300E-03  1.439612E-02  8.420661E+01
    16.4000    3.140417E-03  1.805700E-02  8.464820E+01
    16.4500   -5.243585E-03  2.156348E-02  8.506864E+01
    16.5000   -1.510415E-02  2.480171E-02  8.547780E+01
    16.5500   -2.411002E-02  2.767669E-02  8.588050E+01
    16.6000   -2.991118E-02  3.010819E-02  8.627934E+01
    16.6500   -3.076524E-02  3.203042E-02  8.667580E+01
    16.7000   -2.602789E-02  3.339256E-02  8.707081E+01
    16.7500   -1.636582E-02  3.415952E-02  8.746497E+01
    16.8000   -3.626037E-03  3.431239E-02  8.785872E+01
    16.8500    9.608561E-03  3.384863E-02  8.825242E+01
    16.9000    2.065896E-02  3.278173E-02  8.864640E+01
    16.9500    2.741226E-02  3.114061E-02  8.904104E+01
    17.0000    2.882784E-02  2.896854E-02  8.943679E+01
    17.0500    2.524697E-02  2.642165E-02  8.983470E+01
    17.1000    1.793141E-02  2.345002E-02  9.023567E+01
    17.1500    9.016819E-03  2.012699E-02  9.064167E+01
    17.2000    8.212380E-04  1.653579E-02  9.105650E+01
    17.2500   -4.765462E-03  1.277088E-02  9.148859E+01
    17.3000   -6.747878E-03  8.948014E-03  9.196050E+01
    17.3500   -5.227059E-03  5.265757E-03  9.255568E+01
    17.4000   -1.295332E-03  2.590482E-03  9.372414E+01
    17.4500    3.332742E-03  3.873431E-03  9.528386E+01
    17.5000    6.839359E-03  6.949375E-03  9.599675E+01
    17.5500    7.822564E-03  1.002469E-02  9.649418E+01
    17.6000    5.672983E-03  1.282185E-02  9.693105E+01
    17.6500    7.122804E-04  1.524479E-02  9.734263E+01
    17.7000   -5.931738E-03  1.723959E-02  9.774063E+01
    17.7500   -1.266433E-02  1.877319E-02  9.812979E+01
    17.8000   -1.787189E-02  1.982829E-02  9.851221E+01
    17.8500   -2.034965E-02  2.040173E-02  9.888870E+01
    17.9000   -1.959311E-02  2.050373E-02  9.925932E+01
    17.9500   -1.588255E-02  2.015732E-02  9.962353E+01
    18.0000   -1.015185E-02  1.939802E-02  9.998020E+01
    18.0500   -3.669787E-03  1.828522E-02  1.003289E+02
    18.1000    2.256039E-03  1.686726E-02  1.006651E+02
    18.1500    6.664524E-03  1.521794E-02  1.009843E+02
    18.2000    9.137286E-03  1.342959E-02  1.012793E+02
    18.2500    9.831158E-03  1.162117E-02  1.015393E+02
    18.3000    9.341959E-03  9.952081E-03  1.017498E+02
    18.3500    8.453445E-03  8.635138E-03  1.018963E+02
    18.4000    7.855174E-03  7.911549E-03  1.019823E+02
    18.4500    7.916605E-03  7.927245E-03  1.020499E+02
    18.5000    8.582650E-03  8.595667E-03  1.021568E+02
    18.5500    9.415866E-03  9.662999E-03  1.023284E+02
    18.6000    9.765053E-03  1.087730E-02  1.025579E+02
    18.6500    9.002859E-03  1.205869E-02  1.028296E+02
    18.7000    6.756392E-03  1.309148E-02  1.031303E+02
    18.7500    3.059502E-03  1.390310E-02  1.034507E+02
    18.8000   -1.619077E-03  1.444932E-02  1.037848E+02
    18.8500   -6.479422E-03  1.470572E-02  1.041288E+02
    18.9000   -1.059461E-02  1.466280E-02  1.044800E+02
    18.9500   -1.315532E-02  1.432301E-02  1.048368E+02
    19.0000   -1.368454E-02  1.369869E-02  1.051979E+02
    19.0500   -1.221250E-02  1.285821E-02  1.055616E+02
    19.1000   -9.114935E-03  1.177743E-02  1.059291E+02
    19.1500   -5.148725E-03  1.048711E-02  1.063010E+02
    19.2000   -1.218846E-03  9.022693E-03  1.066787E+02
    19.2500    1.847895E-03  7.423653E-03  1.070657E+02
    19.3000    3.499468E-03  5.733916E-03  1.074706E+02
    19.3500    3.576022E-03  4.006791E-03  1.079170E+02
    19.4000    2.322418E-03  2.336707E-03  1.084956E+02
    19.4500    2.995408E-04  1.171964E-03  1.096973E+02
    19.5000   -1.775738E-03  1.888623E-03  1.111790E+02
    19.5500   -3.215984E-03  3.374624E-03  1.118344E+02
    19.6000   -3.525743E-03  4.885929E-03  1.122912E+02
    19.6500   -2.503811E-03  6.314361E-03  1.126896E+02
    19.7000   -2.675051E-04  7.627711E-03  1.130623E+02
    19.7500    2.796820E-03  8.812660E-03  1.134203E+02
    19.8000    6.134959E-03  9.865213E-03  1.137685E+02
    19.8500    9.146668E-03  1.078769E-02  1.141093E+02
    19.9000    1.129800E-02  1.158695E-02  1.144443E+02
    19.9500    1.220311E-02  1.227276E-02  1.147747E+02
    20.0000    1.166744E-02  1.285609E-02  1.151015E+02
