 ti edge EuTiO3                                          Feff  6.01a  potph 4.12
 Abs   Z=22 Rmt= 1.089 Rnm= 1.378 K shell
 Pot 1 Z=63 Rmt= 1.727 Rnm= 1.814
 Pot 2 Z=22 Rmt= 1.091 Rnm= 1.386
 Pot 3 Z= 8 Rmt= 0.926 Rnm= 1.141
 Gam_ch=9.067E-01 H-L exch
 Mu=-6.373E+00 kf=2.024E+00 Vint=-2.198E+01 Rs_int= 1.792
 S02  1.000                                              Feff  6.01a ff2chi 2.01
 Curved wave amplitude ratio filter   4.000%
    file           sig2  cw amp ratio   deg  nlegs  r effective
 feff0001.dat    0.00000    100.00      6.00     2   1.9895
 feff0002.dat    0.00000     17.25     24.00     3   3.3963
 feff0003.dat    0.00000     57.15      8.00     2   3.4459
 feff0004.dat    0.00000     23.36      6.00     2   3.9790
 feff0005.dat    0.00000     16.43      6.00     3   3.9790
 feff0006.dat    0.00000     63.77     12.00     3   3.9790
 feff0007.dat    0.00000     27.48      6.00     4   3.9790
 feff0008.dat    0.00000      9.80      6.00     4   3.9790
 feff0009.dat    0.00000     42.51      6.00     4   3.9790
 feff0011.dat    0.00000     25.50     48.00     3   4.1245
 feff0012.dat    0.00000     56.76     24.00     2   4.4487
   11/  11 paths used
 -------------------------------------------------------------------------------
      k          chi          mag           phase @#
     0.0000   -7.387760E-02  9.343532E-02 -2.229671E+00
     0.0500   -7.405061E-02  1.062922E-01 -2.370847E+00
     0.1000   -7.475250E-02  1.211261E-01 -2.476482E+00
     0.1500   -7.598427E-02  1.372988E-01 -2.555125E+00
     0.2000   -7.774669E-02  1.543908E-01 -2.613866E+00
     0.2500   -9.209808E-02  1.925117E-01 -2.642758E+00
     0.3000   -1.094283E-01  2.312555E-01 -2.648682E+00
     0.3500   -1.296832E-01  2.703458E-01 -2.641287E+00
     0.4000   -1.527963E-01  3.096360E-01 -2.625517E+00
     0.4500   -2.285366E-01  4.027598E-01 -2.538216E+00
     0.5000   -3.161556E-01  4.953061E-01 -2.449300E+00
     0.5500   -4.137949E-01  5.869812E-01 -2.359234E+00
     0.6000   -5.192977E-01  6.774937E-01 -2.268222E+00
     0.6500   -6.399836E-01  7.265526E-01 -2.063939E+00
     0.7000   -7.293840E-01  7.652564E-01 -1.878196E+00
     0.7500   -7.848930E-01  7.921860E-01 -1.706592E+00
     0.8000   -8.063711E-01  8.066098E-01 -1.546468E+00
     0.8500   -8.110068E-01  8.179751E-01 -1.440174E+00
     0.9000   -8.018030E-01  8.243275E-01 -1.336489E+00
     0.9500   -7.799325E-01  8.259154E-01 -1.235537E+00
     1.0000   -7.469771E-01  8.230324E-01 -1.137511E+00
     1.0500   -7.136946E-01  8.374017E-01 -1.020315E+00
     1.1000   -6.646360E-01  8.458753E-01 -9.038876E-01
     1.1500   -6.020946E-01  8.487626E-01 -7.886171E-01
     1.2000   -5.288562E-01  8.464332E-01 -6.748825E-01
     1.2500   -4.348135E-01  8.447577E-01 -5.406808E-01
     1.3000   -3.320016E-01  8.368603E-01 -4.079440E-01
     1.3500   -2.252848E-01  8.233162E-01 -2.771661E-01
     1.4000   -1.193491E-01  8.047754E-01 -1.488502E-01
     1.4500   -3.304009E-03  7.860203E-01 -4.203477E-03
     1.5000    1.052530E-01  7.623164E-01  1.385125E-01
     1.5500    2.020777E-01  7.343556E-01  2.787737E-01
     1.6000    2.840559E-01  7.028783E-01  4.160301E-01
     1.6500    3.619613E-01  6.711453E-01  5.696279E-01
     1.7000    4.197421E-01  6.358345E-01  7.210101E-01
     1.7500    4.565730E-01  5.975967E-01  8.695137E-01
     1.8000    4.730689E-01  5.571118E-01  1.014365E+00
     1.8500    4.737385E-01  5.139814E-01  1.172450E+00
     1.9000    4.548680E-01  4.689305E-01  1.325279E+00
     1.9500    4.206503E-01  4.227513E-01  1.471057E+00
     2.0000    3.760380E-01  3.762892E-01  1.607342E+00
     2.0500    3.226136E-01  3.286007E-01  1.761980E+00
     2.1000    2.648543E-01  2.799908E-01  1.901114E+00
     2.1500    2.092804E-01  2.317515E-01  2.014803E+00
     2.2000    1.617034E-01  1.857223E-01  2.085024E+00
     2.2500    1.213024E-01  1.392861E-01  2.084590E+00
     2.3000    9.919022E-02  1.053148E-01  1.913513E+00
     2.3500    9.718216E-02  9.718220E-02  1.569948E+00
     2.4000    1.142003E-01  1.181193E-01  1.312483E+00
     2.4500    1.591782E-01  1.660780E-01  1.281532E+00
     2.5000    2.113452E-01  2.146743E-01  1.394457E+00
     2.5500    2.582257E-01  2.582273E-01  1.567289E+00
     2.6000    2.886720E-01  2.944226E-01  1.768765E+00
     2.6500    2.910961E-01  3.155086E-01  1.966761E+00
     2.7000    2.745904E-01  3.320935E-01  2.168115E+00
     2.7500    2.396409E-01  3.441294E-01  2.371268E+00
     2.8000    1.887353E-01  3.516439E-01  2.575044E+00
     2.8500    1.309929E-01  3.592934E-01  2.768406E+00
     2.9000    6.441825E-02  3.627255E-01  2.963051E+00
     2.9500   -5.855392E-03  3.621345E-01  3.157763E+00
     3.0000   -7.455628E-02  3.578086E-01  3.351500E+00
     3.0500   -1.414057E-01  3.546410E-01  3.551723E+00
     3.1000   -1.997223E-01  3.482466E-01  3.752375E+00
     3.1500   -2.456340E-01  3.387968E-01  3.952654E+00
     3.2000   -2.765263E-01  3.265166E-01  4.151717E+00
     3.2500   -2.945729E-01  3.149984E-01  4.350294E+00
     3.3000   -2.970602E-01  3.011305E-01  4.547785E+00
     3.3500   -2.850236E-01  2.851597E-01  4.743284E+00
     3.4000   -2.607334E-01  2.673724E-01  4.935701E+00
     3.4500   -2.297001E-01  2.508522E-01  5.125992E+00
     3.5000   -1.923560E-01  2.330327E-01  5.312193E+00
     3.5500   -1.522749E-01  2.142555E-01  5.492669E+00
     3.6000   -1.129100E-01  1.949043E-01  5.665304E+00
     3.6500   -7.678945E-02  1.768053E-01  5.833906E+00
     3.7000   -4.590454E-02  1.588832E-01  5.990087E+00
     3.7500   -2.160679E-02  1.416559E-01  6.130058E+00
     3.8000   -4.240192E-03  1.257165E-01  6.249451E+00
     3.8500    7.352328E-03  1.119138E-01  6.348929E+00
     3.9000    1.390020E-02  1.003960E-01  6.422085E+00
     3.9500    1.706834E-02  9.179909E-02  6.470205E+00
     4.0000    1.875354E-02  8.653640E-02  6.501631E+00
     4.0500    2.054244E-02  8.450951E-02  6.528724E+00
     4.1000    2.400235E-02  8.540005E-02  6.568082E+00
     4.1500    3.013239E-02  8.836832E-02  6.631151E+00
     4.2000    3.925559E-02  9.245737E-02  6.721684E+00
     4.2500    5.084446E-02  9.765655E-02  6.830793E+00
     4.3000    6.450836E-02  1.026971E-01  6.962348E+00
     4.3500    7.889575E-02  1.070628E-01  7.111674E+00
     4.4000    9.237101E-02  1.103906E-01  7.274535E+00
     4.4500    1.041290E-01  1.133478E-01  7.447881E+00
     4.5000    1.120244E-01  1.149195E-01  7.629042E+00
     4.5500    1.149288E-01  1.150140E-01  7.815493E+00
     4.6000    1.123085E-01  1.136024E-01  8.005058E+00
     4.6500    1.052388E-01  1.117279E-01  8.196473E+00
     4.7000    9.335884E-02  1.084563E-01  8.387944E+00
     4.7500    7.785708E-02  1.038797E-01  8.577482E+00
     4.8000    6.032014E-02  9.813381E-02  8.762808E+00
     4.8500    4.283593E-02  9.216269E-02  8.941385E+00
     4.9000    2.641090E-02  8.542449E-02  9.110455E+00
     4.9500    1.237815E-02  7.818772E-02  9.265796E+00
     5.0000    1.616078E-03  7.079838E-02  9.401950E+00
     5.0500   -5.675314E-03  6.424981E-02  9.513226E+00
     5.1000   -9.908799E-03  5.851792E-02  9.594927E+00
     5.1500   -1.185573E-02  5.422200E-02  9.645211E+00
     5.2000   -1.265696E-02  5.195697E-02  9.670859E+00
     5.2500   -1.401174E-02  5.255768E-02  9.694639E+00
     5.3000   -1.693957E-02  5.536221E-02  9.735743E+00
     5.3500   -2.236148E-02  5.990146E-02  9.807347E+00
     5.4000   -3.072843E-02  6.557244E-02  9.912504E+00
     5.4500   -4.248114E-02  7.221116E-02  1.005372E+01
     5.5000   -5.628310E-02  7.887785E-02  1.021933E+01
     5.5500   -7.074968E-02  8.523643E-02  1.040396E+01
     5.6000   -8.412382E-02  9.103284E-02  1.060346E+01
     5.6500   -9.488552E-02  9.637624E-02  1.081946E+01
     5.7000   -1.007119E-01  1.008339E-01  1.104477E+01
     5.7500   -1.001726E-01  1.043010E-01  1.127787E+01
     5.8000   -9.248592E-02  1.067040E-01  1.151772E+01
     5.8500   -7.756932E-02  1.081412E-01  1.176646E+01
     5.9000   -5.626857E-02  1.084320E-01  1.202077E+01
     5.9500   -3.033154E-02  1.075794E-01  1.228055E+01
     6.0000   -2.160882E-03  1.056101E-01  1.254591E+01
     6.0500    2.569361E-02  1.028219E-01  1.281893E+01
     6.1000    5.019191E-02  9.903426E-02  1.309786E+01
     6.1500    6.878117E-02  9.432451E-02  1.338352E+01
     6.2000    7.956413E-02  8.879366E-02  1.367718E+01
     6.2500    8.156012E-02  8.256949E-02  1.398065E+01
     6.3000    7.485099E-02  7.581178E-02  1.429654E+01
     6.3500    6.058898E-02  6.872169E-02  1.462860E+01
     6.4000    4.086245E-02  6.155739E-02  1.498206E+01
     6.4500    1.843493E-02  5.465860E-02  1.536394E+01
     6.5000   -3.609237E-03  4.847742E-02  1.578248E+01
     6.5500   -2.194640E-02  4.322239E-02  1.624054E+01
     6.6000   -3.419019E-02  3.976302E-02  1.674294E+01
     6.6500   -3.866771E-02  3.866831E-02  1.727322E+01
     6.7000   -3.478907E-02  4.008982E-02  1.779884E+01
     6.7500   -2.313065E-02  4.363702E-02  1.829087E+01
     6.8000   -5.360410E-03  4.863114E-02  1.873911E+01
     6.8500    1.598548E-02  5.441701E-02  1.914771E+01
     6.9000    3.784439E-02  6.048959E-02  1.952550E+01
     6.9500    5.704100E-02  6.648940E-02  1.988072E+01
     7.0000    7.071644E-02  7.216405E-02  2.021972E+01
     7.0500    7.694891E-02  7.765102E-02  2.055493E+01
     7.1000    7.398445E-02  8.258858E-02  2.088088E+01
     7.1500    6.177000E-02  8.686933E-02  2.120013E+01
     7.2000    4.147492E-02  9.041636E-02  2.151461E+01
     7.2500    1.534118E-02  9.317748E-02  2.182575E+01
     7.3000   -1.360967E-02  9.512158E-02  2.213472E+01
     7.3500   -4.197221E-02  9.623621E-02  2.244245E+01
     7.4000   -6.640164E-02  9.652585E-02  2.274976E+01
     7.4500   -8.404673E-02  9.601065E-02  2.305739E+01
     7.5000   -9.291354E-02  9.472544E-02  2.336604E+01
     7.5500   -9.256589E-02  9.318755E-02  2.367752E+01
     7.6000   -8.272267E-02  9.097374E-02  2.399114E+01
     7.6500   -6.474851E-02  8.814359E-02  2.430769E+01
     7.7000   -4.098582E-02  8.476937E-02  2.462810E+01
     7.7500   -1.443909E-02  8.093614E-02  2.495338E+01
     7.8000    1.162185E-02  7.674223E-02  2.528477E+01
     7.8500    3.408573E-02  7.230001E-02  2.562367E+01
     7.9000    5.039434E-02  6.773700E-02  2.597173E+01
     7.9500    5.885626E-02  6.319698E-02  2.633075E+01
     8.0000    5.884022E-02  5.884025E-02  2.670253E+01
     8.0500    5.081462E-02  5.481030E-02  2.708773E+01
     8.1000    3.627851E-02  5.127407E-02  2.748832E+01
     8.1500    1.752831E-02  4.841617E-02  2.790389E+01
     8.2000   -2.661898E-03  4.639577E-02  2.833174E+01
     8.2500   -2.141756E-02  4.531361E-02  2.876663E+01
     8.3000   -3.614355E-02  4.518289E-02  2.920153E+01
     8.3500   -4.485658E-02  4.592118E-02  2.962938E+01
     8.4000   -4.642785E-02  4.737015E-02  3.004492E+01
     8.4500   -4.070695E-02  4.933215E-02  3.044544E+01
     8.5000   -2.851448E-02  5.160542E-02  3.083051E+01
     8.5500   -1.135997E-02  5.419990E-02  3.120477E+01
     8.6000    8.500094E-03  5.679277E-02  3.156616E+01
     8.6500    2.844719E-02  5.925688E-02  3.191666E+01
     8.7000    4.588041E-02  6.149236E-02  3.225814E+01
     8.7500    5.855259E-02  6.342310E-02  3.259227E+01
     8.8000    6.485066E-02  6.499318E-02  3.292049E+01
     8.8500    6.398579E-02  6.616374E-02  3.324402E+01
     8.9000    5.607177E-02  6.691045E-02  3.356389E+01
     8.9500    4.208591E-02  6.722149E-02  3.388101E+01
     9.0000    2.372188E-02  6.709590E-02  3.419615E+01
     9.0500    3.167884E-03  6.679413E-02  3.451007E+01
     9.1000   -1.736324E-02  6.608254E-02  3.482339E+01
     9.1500   -3.556862E-02  6.498326E-02  3.513672E+01
     9.2000   -4.948836E-02  6.352495E-02  3.545065E+01
     9.2500   -5.772992E-02  6.174220E-02  3.576582E+01
     9.3000   -5.961353E-02  5.967507E-02  3.608290E+01
     9.3500   -5.522443E-02  5.736871E-02  3.640259E+01
     9.4000   -4.537006E-02  5.487304E-02  3.672568E+01
     9.4500   -3.145234E-02  5.224266E-02  3.705306E+01
     9.5000   -1.527511E-02  4.953664E-02  3.738564E+01
     9.5500    1.141262E-03  4.687019E-02  3.772346E+01
     9.6000    1.596065E-02  4.424805E-02  3.806814E+01
     9.6500    2.756723E-02  4.173791E-02  3.842058E+01
     9.7000    3.480134E-02  3.940964E-02  3.878147E+01
     9.7500    3.706977E-02  3.733291E-02  3.915111E+01
     9.8000    3.438475E-02  3.557313E-02  3.952912E+01
     9.8500    2.733170E-02  3.418570E-02  3.991423E+01
     9.9000    1.697399E-02  3.320906E-02  4.030421E+01
     9.9500    4.709384E-03  3.265835E-02  4.069600E+01
    10.0000   -7.902621E-03  3.252214E-02  4.108615E+01
    10.0500   -1.931488E-02  3.269533E-02  4.147270E+01
    10.1000   -2.814233E-02  3.319410E-02  4.185255E+01
    10.1500   -3.336204E-02  3.395717E-02  4.222401E+01
    10.2000   -3.438666E-02  3.491858E-02  4.258627E+01
    10.2500   -3.111301E-02  3.601390E-02  4.293930E+01
    10.3000   -2.391791E-02  3.718416E-02  4.328359E+01
    10.3500   -1.360421E-02  3.837782E-02  4.361994E+01
    10.4000   -1.305057E-03  3.955124E-02  4.394930E+01
    10.4500    1.164259E-02  4.066833E-02  4.427264E+01
    10.5000    2.384155E-02  4.169972E-02  4.459093E+01
    10.5500    3.398071E-02  4.262191E-02  4.490504E+01
    10.6000    4.096981E-02  4.341638E-02  4.521579E+01
    10.6500    4.405012E-02  4.406890E-02  4.552390E+01
    10.7000    4.287043E-02  4.456891E-02  4.583006E+01
    10.7500    3.752152E-02  4.490909E-02  4.613485E+01
    10.8000    2.852582E-02  4.508500E-02  4.643884E+01
    10.8500    1.678301E-02  4.509487E-02  4.674254E+01
    10.9000    3.476931E-03  4.493945E-02  4.704644E+01
    10.9500   -1.004737E-02  4.462195E-02  4.735101E+01
    11.0000   -2.242421E-02  4.414800E-02  4.765667E+01
    11.0500   -3.240157E-02  4.354844E-02  4.796298E+01
    11.1000   -3.902194E-02  4.281036E-02  4.827082E+01
    11.1500   -4.166996E-02  4.194246E-02  4.858063E+01
    11.2000   -4.015419E-02  4.095571E-02  4.889285E+01
    11.2500   -3.472716E-02  3.986349E-02  4.920794E+01
    11.3000   -2.605705E-02  3.868168E-02  4.952638E+01
    11.3500   -1.515322E-02  3.742874E-02  4.984866E+01
    11.4000   -3.253305E-03  3.612571E-02  5.017531E+01
    11.4500    8.316040E-03  3.479621E-02  5.050681E+01
    11.5000    1.828909E-02  3.346624E-02  5.084366E+01
    11.5500    2.560437E-02  3.216383E-02  5.118624E+01
    11.6000    2.952442E-02  3.091842E-02  5.153485E+01
    11.6500    2.971762E-02  2.975986E-02  5.188957E+01
    11.7000    2.629200E-02  2.871704E-02  5.225019E+01
    11.7500    1.977675E-02  2.781600E-02  5.261618E+01
    11.8000    1.105356E-02  2.707780E-02  5.298658E+01
    11.8500    1.246168E-03  2.651637E-02  5.336006E+01
    11.9000   -8.418036E-03  2.613672E-02  5.373500E+01
    11.9500   -1.675730E-02  2.593402E-02  5.410961E+01
    12.0000   -2.277687E-02  2.589386E-02  5.448215E+01
    12.0500   -2.571963E-02  2.591279E-02  5.485569E+01
    12.1000   -2.525984E-02  2.605092E-02  5.522494E+01
    12.1500   -2.152183E-02  2.627706E-02  5.558894E+01
    12.2000   -1.502963E-02  2.655809E-02  5.594713E+01
    12.2500   -6.630290E-03  2.686116E-02  5.629926E+01
    12.3000    2.621412E-03  2.715539E-02  5.664535E+01
    12.3500    1.160061E-02  2.741300E-02  5.698562E+01
    12.4000    1.925391E-02  2.761001E-02  5.732037E+01
    12.4500    2.472623E-02  2.772654E-02  5.764995E+01
    12.5000    2.745689E-02  2.774692E-02  5.797475E+01
    12.5500    2.723392E-02  2.765954E-02  5.829512E+01
    12.6000    2.420116E-02  2.745673E-02  5.861138E+01
    12.6500    1.881995E-02  2.713448E-02  5.892381E+01
    12.7000    1.179287E-02  2.669222E-02  5.923265E+01
    12.7500    3.962049E-03  2.613249E-02  5.953806E+01
    12.8000   -3.802849E-03  2.546071E-02  5.984018E+01
    12.8500   -1.071113E-02  2.468488E-02  6.013910E+01
    12.9000   -1.613836E-02  2.381525E-02  6.043482E+01
    12.9500   -1.968423E-02  2.286407E-02  6.072735E+01
    13.0000   -2.119579E-02  2.184527E-02  6.101660E+01
    13.0500   -2.067636E-02  2.069657E-02  6.130526E+01
    13.1000   -1.845856E-02  1.950450E-02  6.159003E+01
    13.1500   -1.499368E-02  1.828688E-02  6.187059E+01
    13.2000   -1.079900E-02  1.706230E-02  6.214654E+01
    13.2500   -6.382119E-03  1.584989E-02  6.241743E+01
    13.3000   -2.178306E-03  1.466888E-02  6.268281E+01
    13.3500    1.491289E-03  1.353826E-02  6.294223E+01
    13.4000    4.436718E-03  1.247622E-02  6.319543E+01
    13.4500    6.592493E-03  1.149947E-02  6.344237E+01
    13.5000    7.991790E-03  1.062235E-02  6.368349E+01
    13.5500    8.729275E-03  9.855728E-03  6.391987E+01
    13.6000    8.921436E-03  9.205961E-03  6.415338E+01
    13.6500    8.672897E-03  8.673996E-03  6.438673E+01
    13.7000    8.055138E-03  8.255198E-03  6.462325E+01
    13.7500    7.100970E-03  7.940142E-03  6.486655E+01
    13.8000    5.814508E-03  7.716416E-03  6.512004E+01
    13.8500    4.193030E-03  7.571052E-03  6.538650E+01
    13.9000    2.254534E-03  7.492977E-03  6.566783E+01
    13.9500    6.359337E-05  7.474873E-03  6.596494E+01
    14.0000   -2.251641E-03  7.514116E-03  6.627778E+01
    14.0500   -4.442857E-03  7.601902E-03  6.659764E+01
    14.1000   -6.340675E-03  7.753745E-03  6.693095E+01
    14.1500   -7.689594E-03  7.975605E-03  6.727563E+01
    14.2000   -8.244662E-03  8.274383E-03  6.762903E+01
    14.2500   -7.816877E-03  8.656039E-03  6.798821E+01
    14.3000   -6.317170E-03  9.123977E-03  6.835027E+01
    14.3500   -3.790267E-03  9.678047E-03  6.871263E+01
    14.4000   -4.308862E-04  1.031424E-02  6.907325E+01
    14.4500    3.422755E-03  1.102501E-02  6.943071E+01
    14.5000    7.319532E-03  1.179994E-02  6.978417E+01
    14.5500    1.074749E-02  1.262660E-02  7.013327E+01
    14.6000    1.320092E-02  1.349128E-02  7.047799E+01
    14.6500    1.425321E-02  1.437969E-02  7.081857E+01
    14.7000    1.362437E-02  1.527747E-02  7.115534E+01
    14.7500    1.123272E-02  1.617055E-02  7.148871E+01
    14.8000    7.221841E-03  1.704552E-02  7.181913E+01
    14.8500    1.957275E-03  1.788976E-02  7.214701E+01
    14.9000   -4.008091E-03  1.869171E-02  7.247274E+01
    14.9500   -9.996552E-03  1.944091E-02  7.279671E+01
    15.0000   -1.528827E-02  2.012817E-02  7.311925E+01
    15.0500   -1.923369E-02  2.076846E-02  7.344058E+01
    15.1000   -2.128913E-02  2.133587E-02  7.376123E+01
    15.1500   -2.112437E-02  2.182446E-02  7.408140E+01
    15.2000   -1.866851E-02  2.222959E-02  7.440130E+01
    15.2500   -1.412722E-02  2.254795E-02  7.472112E+01
    15.3000   -7.963978E-03  2.277761E-02  7.504104E+01
    15.3500   -8.472129E-04  2.291802E-02  7.536125E+01
    15.4000    6.429900E-03  2.296998E-02  7.568194E+01
    15.4500    1.304649E-02  2.293566E-02  7.600331E+01
    15.5000    1.825510E-02  2.281851E-02  7.632554E+01
    15.5500    2.147353E-02  2.262324E-02  7.664885E+01
    15.6000    2.235552E-02  2.235574E-02  7.697343E+01
    15.6500    2.083126E-02  2.202303E-02  7.729951E+01
    15.7000    1.711294E-02  2.163312E-02  7.762729E+01
    15.7500    1.166525E-02  2.119495E-02  7.795700E+01
    15.8000    5.145200E-03  2.071825E-02  7.828885E+01
    15.8500   -1.680231E-03  2.021338E-02  7.862304E+01
    15.9000   -8.027914E-03  1.969120E-02  7.895974E+01
    15.9500   -1.319166E-02  1.916286E-02  7.929910E+01
    16.0000   -1.662323E-02  1.863955E-02  7.964118E+01
    16.0500   -1.801992E-02  1.815671E-02  7.998778E+01
    16.1000   -1.725199E-02  1.770456E-02  8.033721E+01
    16.1500   -1.447794E-02  1.729290E-02  8.068923E+01
    16.2000   -1.008213E-02  1.693030E-02  8.104351E+01
    16.2500   -4.623652E-03  1.662367E-02  8.139956E+01
    16.3000    1.232791E-03  1.637794E-02  8.175675E+01
    16.3500    6.795505E-03  1.619583E-02  8.211440E+01
    16.4000    1.142450E-02  1.607767E-02  8.247174E+01
    16.4500    1.460157E-02  1.602152E-02  8.282802E+01
    16.5000    1.598445E-02  1.602331E-02  8.318255E+01
    16.5500    1.543982E-02  1.607719E-02  8.353473E+01
    16.6000    1.305251E-02  1.617596E-02  8.388410E+01
    16.6500    9.110969E-03  1.631148E-02  8.423035E+01
    16.7000    4.071267E-03  1.647515E-02  8.457330E+01
    16.7500   -1.495639E-03  1.665823E-02  8.491291E+01
    16.8000   -6.967564E-03  1.685217E-02  8.524925E+01
    16.8500   -1.173874E-02  1.704882E-02  8.558247E+01
    16.9000   -1.528450E-02  1.724059E-02  8.591282E+01
    16.9500   -1.721639E-02  1.742053E-02  8.624056E+01
    17.0000   -1.732237E-02  1.758239E-02  8.656599E+01
    17.0500   -1.559658E-02  1.775929E-02  8.689247E+01
    17.1000   -1.217164E-02  1.790706E-02  8.721723E+01
    17.1500   -7.413818E-03  1.802132E-02  8.754062E+01
    17.2000   -1.836030E-03  1.809845E-02  8.786298E+01
    17.2500    3.958387E-03  1.813553E-02  8.818464E+01
    17.3000    9.342081E-03  1.813041E-02  8.850592E+01
    17.3500    1.373311E-02  1.808163E-02  8.882715E+01
    17.4000    1.665978E-02  1.798849E-02  8.914863E+01
    17.4500    1.781361E-02  1.785099E-02  8.947067E+01
    17.5000    1.708427E-02  1.766989E-02  8.979357E+01
    17.5500    1.457219E-02  1.744669E-02  9.011762E+01
    17.6000    1.057725E-02  1.718363E-02  9.044312E+01
    17.6500    5.564197E-03  1.688369E-02  9.077035E+01
    17.7000    1.088123E-04  1.655060E-02  9.109961E+01
    17.7500   -5.169215E-03  1.618878E-02  9.143119E+01
    17.8000   -9.678792E-03  1.580335E-02  9.176535E+01
    17.8500   -1.292664E-02  1.540005E-02  9.210235E+01
    17.9000   -1.457480E-02  1.498515E-02  9.244242E+01
    17.9500   -1.447928E-02  1.456538E-02  9.278577E+01
    18.0000   -1.270507E-02  1.414773E-02  9.313251E+01
    18.0500   -9.508139E-03  1.377488E-02  9.348594E+01
    18.1000   -5.285712E-03  1.341720E-02  9.384286E+01
    18.1500   -5.838067E-04  1.308145E-02  9.420314E+01
    18.2000    4.003202E-03  1.277383E-02  9.456654E+01
    18.2500    7.907193E-03  1.249969E-02  9.493268E+01
    18.3000    1.065690E-02  1.226317E-02  9.530099E+01
    18.3500    1.193544E-02  1.206692E-02  9.567082E+01
    18.4000    1.161744E-02  1.191187E-02  9.604138E+01
    18.4500    9.781257E-03  1.179709E-02  9.641184E+01
    18.5000    6.694807E-03  1.171988E-02  9.678136E+01
    18.5500    2.777488E-03  1.167587E-02  9.714919E+01
    18.6000   -1.456611E-03  1.165939E-02  9.751463E+01
    18.6500   -5.466314E-03  1.166375E-02  9.787715E+01
    18.7000   -8.752695E-03  1.168172E-02  9.823633E+01
    18.7500   -1.092102E-02  1.170586E-02  9.859190E+01
    18.8000   -1.172732E-02  1.172890E-02  9.894374E+01
    18.8500   -1.110408E-02  1.174400E-02  9.929181E+01
    18.9000   -9.162219E-03  1.174498E-02  9.963615E+01
    18.9500   -6.170197E-03  1.172646E-02  9.997687E+01
    19.0000   -2.513834E-03  1.168397E-02  1.003141E+02
    19.0500    1.660662E-03  1.176773E-02  1.006726E+02
    19.1000    5.632324E-03  1.181471E-02  1.010279E+02
    19.1500    8.877876E-03  1.182073E-02  1.013806E+02
    19.2000    1.098321E-02  1.178292E-02  1.017312E+02
    19.2500    1.169694E-02  1.169965E-02  1.020802E+02
    19.3000    1.095990E-02  1.157046E-02  1.024281E+02
    19.3500    8.907335E-03  1.139599E-02  1.027753E+02
    19.4000    5.844256E-03  1.117795E-02  1.031224E+02
    19.4500    2.198543E-03  1.091899E-02  1.034698E+02
    19.5000   -1.541053E-03  1.062272E-02  1.038181E+02
    19.5500   -4.892803E-03  1.029359E-02  1.041679E+02
    19.6000   -7.446221E-03  9.936863E-03  1.045196E+02
    19.6500   -8.913966E-03  9.558580E-03  1.048740E+02
    19.7000   -9.164853E-03  9.165486E-03  1.052316E+02
    19.7500   -8.234342E-03  8.764989E-03  1.055931E+02
    19.8000   -6.312110E-03  8.365082E-03  1.059591E+02
    19.8500   -3.709519E-03  7.974238E-03  1.063303E+02
    19.9000   -8.123492E-04  7.601241E-03  1.067071E+02
    19.9500    1.974077E-03  7.254928E-03  1.070897E+02
    20.0000    4.279639E-03  6.943821E-03  1.074782E+02
