:runabs2_sun  from pixel 0 to 1240 from stripe 3 to 14
:I0 number of accum:  10
:Sample number of accum: 10
:Sample position : ref
:I0 position  : i0
:Integration time sample (ms) : 15
:Integration time I0 (ms) : 2
:file_descriptor : ref
:background substraction YES
:background acquisition YES
:N 
: Sun May 11 17:42:16 2003
0 -0.269058
1 -0.27022
2 -0.271476
3 -0.272518
4 -0.272413
5 -0.274277
6 -0.271824
7 -0.273621
8 -0.275379
9 -0.273819
10 -0.272955
11 -0.275643
12 -0.272976
13 -0.272946
14 -0.273704
15 -0.271667
16 -0.272462 
17 -0.272435
18 -0.273765
19 -0.275288
20 -0.279894
21 -0.278106
22 -0.269974
23 -0.264984
24 -0.276521
25 -0.27683
26 -0.266433
27 -0.270563
28 -0.279884
29 -0.277527
30 -0.276626
31 -0.274679
32 -0.275033 
33 -0.273235
34 -0.272032
35 -0.275863
36 -0.274783
37 -0.274886
38 -0.272642
39 -0.274856
40 -0.273001
41 -0.275638
42 -0.275916
43 -0.27485
44 -0.274707
45 -0.275754
46 -0.276142
47 -0.276185
48 -0.273168 
49 -0.27586
50 -0.275908
51 -0.275732
52 -0.275109
53 -0.275853
54 -0.274683
55 -0.276103
56 -0.274042
57 -0.273498
58 -0.273923
59 -0.273282
60 -0.272795
61 -0.27321
62 -0.273823
63 -0.272715
64 -0.273734 
65 -0.274282
66 -0.272798
67 -0.274463
68 -0.273434
69 -0.274788
70 -0.272604
71 -0.273183
72 -0.271974
73 -0.271804
74 -0.271865
75 -0.271917
76 -0.273485
77 -0.27051
78 -0.270814
79 -0.271672
80 -0.267199 
81 -0.271197
82 -0.271079
83 -0.271588
84 -0.271276
85 -0.271294
86 -0.270688
87 -0.270787
88 -0.271464
89 -0.271996
90 -0.270205
91 -0.268732
92 -0.269669
93 -0.269294
94 -0.271106
95 -0.26989
96 -0.268618 
97 -0.269276
98 -0.270149
99 -0.269032
100 -0.269047
101 -0.268212
102 -0.267762
103 -0.268368
104 -0.264756
105 -0.267238
106 -0.267272
107 -0.265531
108 -0.267267
109 -0.263399
110 -0.266198
111 -0.264661 
112 -0.263427
113 -0.26285
114 -0.262972
115 -0.262883
116 -0.259438
117 -0.261847
118 -0.259605
119 -0.25666
120 -0.255804
121 -0.256396
122 -0.251365
123 -0.250904
124 -0.247895
125 -0.246894
126 -0.244685 
127 -0.240967
128 -0.238859
129 -0.233516
130 -0.228748
131 -0.223816
132 -0.216905
133 -0.209452
134 -0.197833
135 -0.184203
136 -0.167748
137 -0.146038
138 -0.114527
139 -0.0772997
140 -0.0192231
141 0.0582467
142 0.160916
143 0.291826
144 0.440864
145 0.584357
146 0.698299
147 0.767594
148 0.798847
149 0.809908
150 0.808473
151 0.794906
152 0.775965
153 0.752093
154 0.72563
155 0.696191
156 0.66749 
157 0.634919
158 0.59812
159 0.560074
160 0.519183
161 0.486918
162 0.461961
163 0.448834
164 0.446576
165 0.44844
166 0.454218
167 0.457802
168 0.459626
169 0.461982
170 0.458821
171 0.451425
172 0.448518 
173 0.440443
174 0.433814
175 0.4277
176 0.418851
177 0.416342
178 0.411409
179 0.410512
180 0.415524
181 0.414605
182 0.421572
183 0.430502
184 0.436874
185 0.442631
186 0.450029
187 0.455654
188 0.458673 
189 0.460429
190 0.460211
191 0.457393
192 0.456041
193 0.453728
194 0.449836
195 0.451466
196 0.452525
197 0.45698
198 0.460824
199 0.465178
200 0.466987
201 0.472664
202 0.472071
203 0.47083
204 0.467465 
205 0.459867
206 0.456768
207 0.447319
208 0.439258
209 0.432663
210 0.422996
211 0.417818
212 0.410708
213 0.405506
214 0.400422
215 0.399544
216 0.397329
217 0.394567
218 0.394059
219 0.390796
220 0.389527 
221 0.383931
222 0.38457
223 0.38497
224 0.380157
225 0.374328
226 0.36905
227 0.372746
228 0.373181
229 0.370196
230 0.36932
231 0.367546
232 0.368177
233 0.368559
234 0.36747
235 0.367433
236 0.369454 
237 0.370977
238 0.370029
239 0.370233
240 0.375948
241 0.376504
242 0.379099
243 0.381549
244 0.383202
245 0.389275
246 0.388143
247 0.39494
248 0.398014
249 0.397542
250 0.403474
251 0.408093
252 0.410385 
253 0.414253
254 0.421237
255 0.422936
256 0.426109
257 0.431113
258 0.433015
259 0.436796
260 0.445447
261 0.441229
262 0.447148
263 0.448946
264 0.448305
265 0.453145
266 0.450045
267 0.452259
268 0.452281 
269 0.447329
270 0.448179
271 0.445245
272 0.442907
273 0.440508
274 0.436915
275 0.435502
276 0.432228
277 0.43003
278 0.424183
279 0.422439
280 0.418354
281 0.418588
282 0.41189
283 0.408316
284 0.404278 
285 0.401256
286 0.398201
287 0.395083
288 0.392951
289 0.390006
290 0.388318
291 0.384571
292 0.38491
293 0.382906
294 0.378095
295 0.378931
296 0.379225
297 0.37754
298 0.375512
299 0.375814
300 0.374166 
301 0.370253
302 0.373653
303 0.36813
304 0.40181
305 0.379256
306 0.360795
307 0.373122
308 0.374666
309 0.373805
310 0.372727
311 0.374439
312 0.371217
313 0.372006
314 0.371629
315 0.371369
316 0.372462 
317 0.369363
318 0.371884
319 0.367781
320 0.376285
321 0.371022
322 0.370767
323 0.376908
324 0.3732
325 0.374856
326 0.3777
327 0.376623
328 0.378061
329 0.380297
330 0.380301
331 0.383168
332 0.38282 
333 0.38429
334 0.383234
335 0.389822
336 0.384098
337 0.388205
338 0.388492
339 0.386358
340 0.387137
341 0.387729
342 0.386763
343 0.388184
344 0.391182
345 0.393244
346 0.391448
347 0.390506
348 0.395088 
349 0.39577
350 0.398948
351 0.40157
352 0.401415
353 0.403371
354 0.404961
355 0.407918
356 0.407339
357 0.411421
358 0.410119
359 0.410447
360 0.412135
361 0.411477
362 0.414222
363 0.410815
364 0.411926 
365 0.407446
366 0.407724
367 0.411262
368 0.407632
369 0.402352
370 0.40576
371 0.401771
372 0.400434
373 0.400552
374 0.397906
375 0.392769
376 0.39071
377 0.393969
378 0.391293
379 0.38746
380 0.38694 
381 0.38444
382 0.384024
383 0.382647
384 0.381173
385 0.376231
386 0.380238
387 0.374832
388 0.376322
389 0.375666
390 0.372216
391 0.37266
392 0.371998
393 0.37282
394 0.369216
395 0.372692
396 0.370294 
397 0.368817
398 0.370221
399 0.368745
400 0.368728
401 0.365313
402 0.367433
403 0.3665
404 0.368092
405 0.364994
406 0.367434
407 0.366535
408 0.364059
409 0.36943
410 0.364159
411 0.359392
412 0.365148 
413 0.364281
414 0.368044
415 0.366606
416 0.365946
417 0.367137
418 0.36574
419 0.368549
420 0.366184
421 0.368682
422 0.369132
423 0.370419
424 0.369345
425 0.369622
426 0.369092
427 0.370051
428 0.372644 
429 0.371409
430 0.371206
431 0.374548
432 0.374642
433 0.370496
434 0.373266
435 0.372734
436 0.379018
437 0.371392
438 0.374056
439 0.374869
440 0.376277
441 0.37101
442 0.379869
443 0.375917
444 0.374328 
445 0.376218
446 0.374235
447 0.372033
448 0.378145
449 0.374541
450 0.374733
451 0.374317
452 0.377
453 0.378312
454 0.373335
455 0.371428
456 0.382463
457 0.374449
458 0.374956
459 0.375672
460 0.377261 
461 0.37273
462 0.378546
463 0.377062
464 0.376724
465 0.378629
466 0.377473
467 0.378212
468 0.378283
469 0.375084
470 0.37856
471 0.377526
472 0.373445
473 0.381061
474 0.374651
475 0.37443
476 0.369677 
477 0.38063
478 0.374009
479 0.374669
480 0.371044
481 0.371371
482 0.372837
483 0.368088
484 0.371555
485 0.370574
486 0.364669
487 0.366789
488 0.368114
489 0.365824
490 0.366483
491 0.3656
492 0.362916 
493 0.362521
494 0.361045
495 0.363621
496 0.359267
497 0.358686
498 0.360198
499 0.359978
500 0.358936
501 0.357813
502 0.357541
503 0.35623
504 0.356169
505 0.356164
506 0.357389
507 0.353603
508 0.354988 
509 0.350212
510 0.354259
511 0.353684
512 0.353309
513 0.352882
514 0.351632
515 0.351189
516 0.351881
517 0.352663
518 0.35354
519 0.345981
520 0.351921
521 0.354678
522 0.348435
523 0.353015
524 0.351722 
525 0.350831
526 0.353846
527 0.352268
528 0.350728
529 0.351396
530 0.352763
531 0.351242
532 0.353331
533 0.3549
534 0.351255
535 0.352324
536 0.352731
537 0.35068
538 0.353243
539 0.353346
540 0.351642 
541 0.353601
542 0.351063
543 0.351695
544 0.352616
545 0.350605
546 0.35192
547 0.35266
548 0.353857
549 0.350784
550 0.353363
551 0.352377
552 0.353302
553 0.353022
554 0.353188
555 0.355084
556 0.351181 
557 0.352331
558 0.353509
559 0.350851
560 0.354885
561 0.351474
562 0.349767
563 0.353004
564 0.354813
565 0.352217
566 0.35251
567 0.349503
568 0.351491
569 0.35138
570 0.351494
571 0.352935
572 0.352667 
573 0.354384
574 0.352439
575 0.354642
576 0.354611
577 0.348858
578 0.353632
579 0.357851
580 0.352338
581 0.35006
582 0.353557
583 0.352899
584 0.356605
585 0.354828
586 0.355961
587 0.355223
588 0.354621 
589 0.356948
590 0.355029
591 0.356819
592 0.356915
593 0.354682
594 0.353867
595 0.358381
596 0.353682
597 0.35569
598 0.356089
599 0.356074
600 0.356455
601 0.354903
602 0.353302
603 0.356499
604 0.353857 
605 0.356831
606 0.354473
607 0.353207
608 0.354295
609 0.352305
610 0.351989
611 0.350888
612 0.352356
613 0.348172
614 0.35361
615 0.346301
616 0.349098
617 0.347774
618 0.348548
619 0.348049
620 0.347113 
621 0.344842
622 0.345638
623 0.342674
624 0.343693
625 0.342898
626 0.341954
627 0.341213
628 0.340466
629 0.339972
630 0.34045
631 0.336724
632 0.336488
633 0.337936
634 0.334071
635 0.337817
636 0.334011 
637 0.334295
638 0.332135
639 0.331664
640 0.331437
641 0.331421
642 0.328628
643 0.330662
644 0.329185
645 0.33164
646 0.326149
647 0.330731
648 0.326139
649 0.327365
650 0.327375
651 0.32613
652 0.324396 
653 0.324483
654 0.32519
655 0.322545
656 0.326978
657 0.321612
658 0.322089
659 0.325416
660 0.317582
661 0.323653
662 0.319466
663 0.320731
664 0.318281
665 0.323054
666 0.321141
667 0.320733
668 0.320533 
669 0.318203
670 0.316011
671 0.320974
672 0.318004
673 0.318265
674 0.321744
675 0.317993
676 0.320331
677 0.318841
678 0.319113
679 0.315309
680 0.317221
681 0.321444
682 0.317571
683 0.318338
684 0.31672 
685 0.320916
686 0.316509
687 0.318221
688 0.31877
689 0.318555
690 0.317458
691 0.318338
692 0.317899
693 0.320124
694 0.318172
695 0.319735
696 0.31866
697 0.319469
698 0.321569
699 0.320353
700 0.320966 
701 0.321344
702 0.321102
703 0.318125
704 0.31859
705 0.322682
706 0.322142
707 0.322955
708 0.321711
709 0.32262
710 0.320273
711 0.323218
712 0.324237
713 0.324552
714 0.324308
715 0.323553
716 0.327748 
717 0.325153
718 0.326309
719 0.325627
720 0.325179
721 0.325002
722 0.326898
723 0.324279
724 0.326261
725 0.32697
726 0.328132
727 0.328688
728 0.327175
729 0.323356
730 0.326973
731 0.325024
732 0.325138 
733 0.325893
734 0.326614
735 0.324583
736 0.324993
737 0.325441
738 0.324803
739 0.32638
740 0.325926
741 0.324626
742 0.325082
743 0.326124
744 0.323276
745 0.323109
746 0.327615
747 0.323027
748 0.326696 
749 0.321737
750 0.323882
751 0.322412
752 0.318941
753 0.321362
754 0.321461
755 0.323427
756 0.320577
757 0.320219
758 0.319865
759 0.320266
760 0.318369
761 0.317169
762 0.315813
763 0.316344
764 0.318983 
765 0.315623
766 0.315146
767 0.318232
768 0.318285
769 0.315901
770 0.316061
771 0.316589
772 0.315824
773 0.315411
774 0.31327
775 0.316466
776 0.30973
777 0.312218
778 0.311316
779 0.312154
780 0.30861 
781 0.309946
782 0.311144
783 0.307847
784 0.304354
785 0.306877
786 0.308536
787 0.306699
788 0.304203
789 0.303712
790 0.304611
791 0.301474
792 0.305909
793 0.299731
794 0.301843
795 0.302652
796 0.299925 
797 0.299732
798 0.300024
799 0.298981
800 0.297626
801 0.296282
802 0.298987
803 0.294593
804 0.289541
805 0.301667
806 0.294802
807 0.298194
808 0.294333
809 0.290129
810 0.29698
811 0.295946
812 0.290609 
813 0.292343
814 0.289946
815 0.290253
816 0.290521
817 0.290395
818 0.287637
819 0.289048
820 0.285652
821 0.286444
822 0.290025
823 0.284372
824 0.284415
825 0.283344
826 0.28137
827 0.284007
828 0.282046 
829 0.281802
830 0.281288
831 0.282848
832 0.280391
833 0.278458
834 0.281841
835 0.278257
836 0.281813
837 0.278062
838 0.28008
839 0.279246
840 0.280725
841 0.278282
842 0.278538
843 0.276997
844 0.278871 
845 0.277951
846 0.280528
847 0.276056
848 0.270185
849 0.285031
850 0.276308
851 0.276209
852 0.275743
853 0.278479
854 0.275632
855 0.274884
856 0.27754
857 0.275646
858 0.277748
859 0.275852
860 0.276574 
861 0.275112
862 0.275565
863 0.274265
864 0.277275
865 0.273848
866 0.279295
867 0.272414
868 0.27451
869 0.269667
870 0.270069
871 0.274925
872 0.277643
873 0.272121
874 0.273592
875 0.268737
876 0.275728 
877 0.274358
878 0.27279
879 0.273272
880 0.272863
881 0.271213
882 0.268784
883 0.274125
884 0.271834
885 0.270305
886 0.271389
887 0.270568
888 0.271586
889 0.271263
890 0.270922
891 0.271393
892 0.270268 
893 0.272665
894 0.269809
895 0.270122
896 0.271156
897 0.272169
898 0.270851
899 0.270773
900 0.269629
901 0.273689
902 0.272027
903 0.271337
904 0.271694
905 0.271698
906 0.273957
907 0.272329
908 0.269762 
909 0.271266
910 0.273057
911 0.268488
912 0.272665
913 0.267834
914 0.273034
915 0.271145
916 0.270974
917 0.269427
918 0.269174
919 0.265411
920 0.272601
921 0.269315
922 0.270838
923 0.266962
924 0.268677 
925 0.269077
926 0.267032
927 0.268517
928 0.265741
929 0.26738
930 0.264631
931 0.26787
932 0.268017
933 0.268545
934 0.264764
935 0.267752
936 0.264332
937 0.26672
938 0.26367
939 0.265772
940 0.264317 
941 0.264894
942 0.26397
943 0.263112
944 0.265558
945 0.262806
946 0.262399
947 0.262621
948 0.261804
949 0.260075
950 0.261512
951 0.25942
952 0.259157
953 0.262044
954 0.260123
955 0.258058
956 0.261135 
957 0.258017
958 0.256158
959 0.262344
960 0.256907
961 0.25787
962 0.258746
963 0.257394
964 0.252998
965 0.257039
966 0.252692
967 0.255147
968 0.25135
969 0.253739
970 0.251923
971 0.250183
972 0.255988 
973 0.248938
974 0.249496
975 0.250698
976 0.255157
977 0.245973
978 0.252166
979 0.247597
980 0.248362
981 0.248016
982 0.247895
983 0.246377
984 0.246496
985 0.245102
986 0.245802
987 0.243875
988 0.243454 
989 0.247171
990 0.241257
991 0.242822
992 0.242575
993 0.243593
994 0.241814
995 0.241498
996 0.242549
997 0.24195
998 0.242073
999 0.241667
1000 0.241229
1001 0.241485
1002 0.239172
1003 0.241183
1004 0.238674
1005 0.241898
1006 0.236912
1007 0.236316
1008 0.235864
1009 0.239905
1010 0.237503
1011 0.23907
1012 0.236769
1013 0.237096
1014 0.235974
1015 0.237011
1016 0.233156
1017 0.23734
1018 0.234755 
1019 0.232618
1020 0.236408
1021 0.234399
1022 0.235266
1023 0.231464
1024 0.233595
1025 0.232544
1026 0.232476
1027 0.231984
1028 0.231751
1029 0.231697
1030 0.230276
1031 0.230261
1032 0.228576
1033 0.228018
1034 0.226346
1035 0.225854
1036 0.227236
1037 0.227827
1038 0.222243
1039 0.226122
1040 0.221176
1041 0.225137
1042 0.225497
1043 0.222011
1044 0.226241
1045 0.224471
1046 0.226489
1047 0.225337 
1048 0.226453
1049 0.226092
1050 0.22738
1051 0.225856
1052 0.225286
1053 0.224428
1054 0.224216
1055 0.225933
1056 0.223422
1057 0.227088
1058 0.226544
1059 0.227687
1060 0.223573
1061 0.226427
1062 0.226428
1063 0.228341
1064 0.226713
1065 0.225202
1066 0.225236
1067 0.226058
1068 0.229289
1069 0.228489
1070 0.229823
1071 0.227867
1072 0.225779
1073 0.224453
1074 0.225993
1075 0.2245
1076 0.223766 
1077 0.22442
1078 0.22467
1079 0.224867
1080 0.220343
1081 0.227578
1082 0.222423
1083 0.223714
1084 0.221482
1085 0.221378
1086 0.221813
1087 0.223231
1088 0.223821
1089 0.221831
1090 0.223255
1091 0.222633 
1092 0.22323
1093 0.221787
1094 0.220688
1095 0.221456
1096 0.223072
1097 0.221278
1098 0.219968
1099 0.21972
1100 0.219291
1101 0.220069
1102 0.220585
1103 0.218035
1104 0.219304
1105 0.219362
1106 0.219715 
1107 0.218867
1108 0.218804
1109 0.217721
1110 0.218772
1111 0.218888
1112 0.220667
1113 0.21768
1114 0.219322
1115 0.220108
1116 0.219923
1117 0.21705
1118 0.219172
1119 0.221432
1120 0.222025
1121 0.220901 
1122 0.217083
1123 0.221937
1124 0.219504
1125 0.219252
1126 0.220435
1127 0.217732
1128 0.220274
1129 0.218669
1130 0.218453
1131 0.220496
1132 0.215684
1133 0.219509
1134 0.21757
1135 0.21851
1136 0.220234 
1137 0.216035
1138 0.215959
1139 0.219495
1140 0.215057
1141 0.21648
1142 0.218155
1143 0.21598
1144 0.217175
1145 0.212854
1146 0.217401
1147 0.21629
1148 0.215845
1149 0.216744
1150 0.215799
1151 0.216667 
1152 0.212642
1153 0.21465
1154 0.214118
1155 0.213213
1156 0.21536
1157 0.213561
1158 0.215591
1159 0.215824
1160 0.213296
1161 0.216546
1162 0.214778
1163 0.215159
1164 0.217319
1165 0.216633
1166 0.212591 
1167 0.215214
1168 0.214313
1169 0.21263
1170 0.211891
1171 0.211345
1172 0.212279
1173 0.210564
1174 0.212206
1175 0.211895
1176 0.209472
1177 0.209618
1178 0.211367
1179 0.20839
1180 0.207252
1181 0.207081 
1182 0.20663
1183 0.205491
1184 0.207199
1185 0.206874
1186 0.208376
1187 0.205658
1188 0.206312
1189 0.205305
1190 0.204478
1191 0.203808
1192 0.204053
1193 0.203739
1194 0.203725
1195 0.203563
1196 0.203171
1197 0.201379
1198 0.203493
1199 0.202134
1200 0.203198
1201 0.201579
1202 0.201184
1203 0.200445
1204 0.19967
1205 0.200354
1206 0.199793
1207 0.19717
1208 0.199575
1209 0.198461
1210 0.196812 
1211 0.195732
1212 0.194507
1213 0.193754
1214 0.192239
1215 0.191123
1216 0.191435
1217 0.190881
1218 0.190597
1219 0.190743
1220 0.189655
1221 0.187867
1222 0.186431
1223 0.187601
1224 0.185081
1225 0.184279
1226 0.182483
1227 0.185002
1228 0.18327
1229 0.18268
1230 0.180045
1231 0.180271
1232 0.179955
1233 0.178637
1234 0.175237
1235 0.17361
1236 0.172442
1237 0.173303
1238 0.175416
1239 0.172624 
1240 0.173669
