# Merge in e space of:
# ** C:/spectra for calibration/inasp_1.dat (inasp_1)
# ** C:/spectra for calibration/inasp_2.dat (inasp_2)
# ** C:/spectra for calibration/inasp_3.dat (inasp_3)
#------------------------
#   ee        xmu        bkg        stddev
  11667.000       0.23654833       0.23654833       0.40002859E-01
  11672.014       0.23313800       0.23313800       0.39963075E-01
  11677.014       0.22980333       0.22980333       0.40106281E-01
  11682.004       0.22645367       0.22645367       0.39760810E-01
  11687.014       0.22305000       0.22305000       0.39523042E-01
  11692.013       0.21981167       0.21981167       0.39606674E-01
  11697.016       0.21668367       0.21668367       0.39554729E-01
  11702.005       0.21348667       0.21348667       0.39502383E-01
  11707.001       0.21001233       0.21001233       0.39317299E-01
  11712.001       0.20652300       0.20652300       0.39119300E-01
  11717.005       0.20342100       0.20342100       0.39028648E-01
  11722.013       0.20054867       0.20054867       0.39078954E-01
  11727.011       0.19773333       0.19773333       0.38854275E-01
  11732.012       0.19469200       0.19469200       0.38890278E-01
  11737.001       0.19147133       0.19147133       0.38731602E-01
  11742.011       0.18846333       0.18846333       0.38705381E-01
  11747.008       0.18504067       0.18504067       0.38949746E-01
  11752.011       0.18220933       0.18220933       0.38676403E-01
  11757.002       0.17956767       0.17956767       0.38572746E-01
  11762.013       0.17642433       0.17642433       0.38716059E-01
  11767.013       0.17323000       0.17323000       0.38638108E-01
  11772.016       0.17032833       0.17032833       0.38556733E-01
  11777.007       0.16725967       0.16725967       0.38648403E-01
  11782.003       0.16389133       0.16389133       0.38172418E-01
  11787.004       0.16107100       0.16107100       0.38364605E-01
  11792.008       0.15825333       0.15825333       0.38165099E-01
  11797.001       0.15539633       0.15539633       0.38462711E-01
  11802.015       0.15284633       0.15284633       0.38353939E-01
  11807.016       0.15018833       0.15018833       0.38142002E-01
  11812.006       0.14772233       0.14772233       0.38256719E-01
  11817.017       0.14523500       0.14523500       0.37987012E-01
  11822.014       0.14275600       0.14275600       0.38177229E-01
  11827.017       0.14049800       0.14049800       0.38005773E-01
  11832.006       0.13864067       0.13864067       0.38082294E-01
  11837.000       0.13740867       0.13740867       0.38031001E-01
  11841.592       0.13700400       0.13700400       0.37859881E-01
  11845.351       0.13743067       0.13743067       0.37922648E-01
  11848.263       0.13887467       0.13887467       0.38101416E-01
  11850.358       0.14064267       0.14064267       0.37950395E-01
  11851.618       0.14233300       0.14233300       0.37846227E-01
  11851.909       0.14241967       0.14241967       0.37886640E-01
  11852.215       0.14296533       0.14296533       0.37875369E-01
  11852.522       0.14363467       0.14363467       0.37928794E-01
  11852.812       0.14430000       0.14430000       0.37870393E-01
  11853.119       0.14500167       0.14500167       0.38023930E-01
  11853.409       0.14567867       0.14567867       0.37595833E-01
  11853.715       0.14646767       0.14646767       0.37772505E-01
  11854.022       0.14729167       0.14729167       0.37494221E-01
  11854.312       0.14812633       0.14812633       0.37850121E-01
  11854.619       0.14914933       0.14914933       0.37845385E-01
  11854.908       0.15005533       0.15005533       0.37558776E-01
  11855.215       0.15123067       0.15123067       0.37593811E-01
  11855.523       0.15248400       0.15248400       0.37642171E-01
  11855.812       0.15365633       0.15365633       0.37485372E-01
  11856.119       0.15530367       0.15530367       0.37479259E-01
  11856.409       0.15673233       0.15673233       0.37437501E-01
  11856.716       0.15849333       0.15849333       0.37691825E-01
  11857.023       0.16042367       0.16042367       0.37339760E-01
  11857.313       0.16247433       0.16247433       0.37532545E-01
  11857.620       0.16461500       0.16461500       0.37398452E-01
  11857.909       0.16710200       0.16710200       0.37658803E-01
  11858.217       0.16991600       0.16991600       0.37442572E-01
  11858.524       0.17309667       0.17309667       0.37659490E-01
  11858.814       0.17622800       0.17622800       0.37576952E-01
  11859.120       0.18017500       0.18017500       0.37511738E-01
  11859.411       0.18446333       0.18446333       0.37458309E-01
  11859.718       0.18941633       0.18941633       0.37404194E-01
  11860.009       0.19480967       0.19480967       0.37224481E-01
  11860.316       0.20120567       0.20120567       0.37393966E-01
  11860.623       0.20878100       0.20878100       0.37461235E-01
  11860.913       0.21708800       0.21708800       0.37410006E-01
  11861.220       0.22747367       0.22747367       0.37265202E-01
  11861.510       0.23918033       0.23918033       0.36933365E-01
  11861.817       0.25413767       0.25413767       0.36861983E-01
  11862.108       0.27165367       0.27165367       0.37120582E-01
  11862.415       0.29403700       0.29403700       0.36919421E-01
  11862.722       0.32280233       0.32280233       0.36850052E-01
  11863.013       0.35809267       0.35809267       0.36745953E-01
  11863.320       0.40789567       0.40789567       0.36881399E-01
  11863.611       0.46818467       0.46818467       0.35422026E-01
  11863.918       0.55438500       0.55438500       0.35725700E-01
  11864.208       0.65705733       0.65705733       0.35570193E-01
  11864.516       0.79277000       0.79277000       0.35080204E-01
  11864.823       0.94139800       0.94139800       0.35261769E-01
  11865.113        1.0753867        1.0753867       0.35175563E-01
  11865.420        1.1876100        1.1876100       0.33649612E-01
  11865.711        1.2556033        1.4200838       0.35064615E-01
  11866.018        1.2883500        1.3928537       0.35715267E-01
  11866.309        1.2973200        1.3678677       0.35591273E-01
  11866.617        1.2991000        1.3422556       0.35216742E-01
  11866.907        1.3034467        1.3189274       0.35573859E-01
  11867.215        1.3100933        1.2949486       0.34886964E-01
  11867.522        1.3126233        1.2718755       0.35029831E-01
  11867.812        1.3075933        1.2508187       0.35163790E-01
  11868.120        1.2942633        1.2292269       0.35458322E-01
  11868.411        1.2766600        1.2095511       0.35590278E-01
  11868.718        1.2558633        1.1895283       0.35455127E-01
  11869.010        1.2347400        1.1711839       0.35580427E-01
  11869.317        1.2122633        1.1526001       0.35877538E-01
  11869.607        1.1922333        1.1357179       0.35988845E-01
  11869.916        1.1739967        1.1184159       0.35893142E-01
  11870.223        1.1560633        1.1019192       0.35530321E-01
  11870.513        1.1392633        1.0869577       0.35763190E-01
  11870.821        1.1211100        1.0717151       0.36053316E-01
  11871.112        1.1033733        1.0579182       0.35761601E-01
  11871.420        1.0837367        1.0439312       0.35823261E-01
  11871.711        1.0616167        1.0312941       0.36301174E-01
  11872.019        1.0322967        1.0185073       0.35992800E-01
  11872.309       0.99956867        1.0070165       0.36167606E-01
  11872.618       0.96206300       0.99533593       0.36108462E-01
  11872.908       0.92818267       0.98489682       0.35838030E-01
  11873.215       0.89706033       0.97437297       0.35843254E-01
  11873.524       0.87348833       0.96432479       0.35925766E-01
  11873.815       0.85842067       0.95534768       0.36217919E-01
  11874.122       0.84952767       0.94636450       0.35879958E-01
  11874.413       0.84647800       0.93828586       0.35859620E-01
  11874.721       0.84733833       0.93022781       0.35877160E-01
  11875.012       0.85126433       0.92304659       0.35880312E-01
  11875.320       0.85795333       0.91588398       0.35898906E-01
  11875.610       0.86492800       0.90954145       0.35868226E-01
  11875.918       0.87201600       0.90321775       0.35890242E-01
  11876.210       0.87702767       0.89760564       0.35942960E-01
  11876.517       0.88067400       0.89208360       0.35864029E-01
  11876.809       0.88174200       0.88718889       0.35570946E-01
  11877.117       0.88149600       0.88237927       0.35769731E-01
  11877.407       0.88016433       0.87817716       0.35698698E-01
  11877.717       0.87832167       0.87401782       0.35885387E-01
  11878.007       0.87626633       0.87042521       0.35777707E-01
  11878.315       0.87363833       0.86690917       0.35789180E-01
  11878.623       0.86836967       0.86369108       0.35454296E-01
  11878.915       0.86352933       0.86090277       0.36084396E-01
  11879.223       0.85931100       0.85821981       0.35592635E-01
  11879.514       0.85408033       0.85592059       0.35707868E-01
  11879.823       0.84796600       0.85371149       0.35871033E-01
  11880.113       0.84170800       0.85184527       0.35562192E-01
  11880.422       0.83577400       0.85006201       0.35858420E-01
  11880.712       0.83088033       0.84856442       0.35860753E-01
  11881.021       0.82617900       0.84715638       0.36049773E-01
  11881.312       0.82243433       0.84597750       0.36009521E-01
  11881.620       0.81974033       0.84488376       0.36257252E-01
  11881.912       0.81810333       0.84397674       0.36196977E-01
  11882.220       0.81738900       0.84314152       0.36477353E-01
  11882.511       0.81781067       0.84245563       0.36341191E-01
  11882.820       0.81898133       0.84182179       0.36122508E-01
  11883.111       0.82095400       0.84130153       0.36194447E-01
  11883.419       0.82401800       0.84081755       0.36165749E-01
  11883.711       0.82705233       0.84040930       0.36215979E-01
  11884.020       0.83103733       0.84001656       0.35495924E-01
  11884.328       0.83555633       0.83965100       0.35785728E-01
  11884.654       0.84098667       0.83927608       0.35670849E-01
  11884.962       0.84622367       0.83892426       0.35749000E-01
  11885.288       0.85184067       0.83855376       0.35647645E-01
  11885.596       0.85692067       0.83820547       0.35741797E-01
  11885.922       0.86215000       0.83783868       0.35607511E-01
  11886.248       0.86677033       0.83747479       0.35545208E-01
  11886.590       0.87121600       0.83709367       0.35710619E-01
  11886.916       0.87421233       0.83673251       0.35658787E-01
  11887.258       0.87645467       0.83635551       0.35673089E-01
  11887.586       0.87633567       0.83599715       0.35682768E-01
  11887.928       0.87500033       0.83562401       0.35634267E-01
  11888.289       0.87269033       0.83523330       0.35430967E-01
  11888.632       0.87009800       0.83486330       0.35915727E-01
  11888.975       0.86659300       0.83449528       0.35770646E-01
  11889.336       0.86357800       0.83411095       0.36119181E-01
  11889.696       0.86115133       0.83372879       0.36091642E-01
  11890.055       0.85880200       0.83335077       0.35799758E-01
  11890.415       0.85794067       0.83297287       0.35430160E-01
  11890.794       0.85834633       0.83257828       0.35226088E-01
  11891.153       0.86012833       0.83220574       0.35499885E-01
  11891.531       0.86319000       0.83181657       0.35284015E-01
  11891.909       0.86739433       0.83142977       0.35452856E-01
  11892.286       0.87237233       0.83104513       0.35261173E-01
  11892.664       0.87750767       0.83066271       0.35360089E-01
  11893.059       0.88200000       0.83026535       0.35248580E-01
  11893.436       0.88570967       0.82988845       0.35163370E-01
  11893.831       0.88787733       0.82949477       0.35168148E-01
  11894.226       0.88809867       0.82910444       0.35189194E-01
  11894.621       0.88605600       0.82871646       0.35262608E-01
  11895.016       0.88232667       0.82833079       0.35249530E-01
  11895.429       0.87687667       0.82792980       0.35328347E-01
  11895.840       0.87007600       0.82753323       0.35324384E-01
  11896.235       0.86338733       0.82715459       0.35434182E-01
  11896.648       0.85588833       0.82676089       0.35425802E-01
  11897.078       0.84805000       0.82635345       0.35419203E-01
  11897.489       0.84055067       0.82596654       0.35592713E-01
  11897.918       0.83319800       0.82556510       0.35674537E-01
  11898.331       0.82609967       0.82518111       0.35826069E-01
  11898.761       0.81985933       0.82478370       0.35422380E-01
  11899.190       0.81420667       0.82438969       0.35370553E-01
  11899.619       0.80974667       0.82399805       0.35243297E-01
  11900.066       0.80603500       0.82359249       0.35202913E-01
  11900.496       0.80364800       0.82320497       0.35098401E-01
  11900.944       0.80172433       0.82280450       0.35160639E-01
  11901.390       0.79980533       0.82240746       0.34928443E-01
  11901.837       0.79857933       0.82201214       0.35202834E-01
  11902.301       0.79666033       0.82160503       0.34852057E-01
  11902.749       0.79451333       0.82121379       0.35261668E-01
  11903.212       0.79240100       0.82081194       0.35547922E-01
  11903.677       0.78960700       0.82041172       0.35239654E-01
  11904.124       0.78715500       0.82002873       0.35382314E-01
  11904.606       0.78441033       0.81961899       0.35198379E-01
  11905.070       0.78147967       0.81922641       0.35210067E-01
  11905.553       0.77915367       0.81882104       0.35347845E-01
  11906.016       0.77665833       0.81843426       0.35199851E-01
  11906.499       0.77500200       0.81803397       0.35163353E-01
  11906.980       0.77319300       0.81763778       0.35259909E-01
  11907.462       0.77159467       0.81724260       0.35184091E-01
  11907.962       0.77037267       0.81683593       0.35196377E-01
  11908.442       0.76974967       0.81644716       0.35282825E-01
  11908.942       0.76968633       0.81604554       0.35275818E-01
  11909.442       0.76945633       0.81564643       0.35169575E-01
  11909.941       0.76959233       0.81525051       0.35088534E-01
  11910.440       0.76988767       0.81485630       0.34946697E-01
  11910.957       0.77021667       0.81445104       0.35221145E-01
  11911.456       0.77093033       0.81406234       0.35183870E-01
  11911.973       0.77196167       0.81366196       0.35073025E-01
  11912.490       0.77306433       0.81326400       0.35105325E-01
  11913.007       0.77480367       0.81286841       0.35232064E-01
  11913.540       0.77690933       0.81246286       0.35384723E-01
  11914.057       0.77926067       0.81207195       0.35639469E-01
  11914.592       0.78170633       0.81166970       0.35398935E-01
  11915.108       0.78446667       0.81128402       0.35322014E-01
  11915.643       0.78693500       0.81088632       0.35538066E-01
  11916.194       0.79028233       0.81047883       0.35529375E-01
  11916.728       0.79383400       0.81008635       0.35425880E-01
  11917.279       0.79761367       0.80968346       0.35299176E-01
  11917.815       0.80129567       0.80929379       0.35394282E-01
  11918.366       0.80580067       0.80889520       0.35160443E-01
  11918.919       0.81053133       0.80849799       0.35263590E-01
  11919.470       0.81508067       0.80810354       0.35040789E-01
  11920.040       0.82001167       0.80769752       0.35177724E-01
  11920.591       0.82436300       0.80730698       0.35035813E-01
  11921.160       0.82920833       0.80690636       0.34974524E-01
  11921.730       0.83410433       0.80650627       0.34966882E-01
  11922.298       0.83862433       0.80610938       0.35283187E-01
  11922.869       0.84273333       0.80571298       0.35053610E-01
  11923.455       0.84661933       0.80530714       0.35311321E-01
  11924.026       0.84986000       0.80491423       0.35093321E-01
  11924.612       0.85236400       0.80451186       0.35332351E-01
  11925.199       0.85423567       0.80411108       0.35366165E-01
  11925.785       0.85525533       0.80371195       0.35401725E-01
  11926.372       0.85557233       0.80331373       0.35632968E-01
  11926.977       0.85503667       0.80290530       0.35402040E-01
  11927.564       0.85369133       0.80251057       0.35414468E-01
  11928.169       0.85142033       0.80210437       0.35547616E-01
  11928.774       0.84861100       0.80170015       0.35376744E-01
  11929.378       0.84528400       0.80129779       0.35276405E-01
  11930.000       0.84205367       0.80088398       0.35743314E-01
  11930.606       0.83857100       0.80048266       0.35301266E-01
  11931.228       0.83455333       0.80007167       0.35208067E-01
  11931.850       0.83109733       0.79966168       0.35564626E-01
  11932.471       0.82700567       0.79925261       0.35525685E-01
  11933.094       0.82265900       0.79884379       0.35184261E-01
  11933.717       0.81803267       0.79843567       0.35273690E-01
  11934.357       0.81301300       0.79801705       0.35177458E-01
  11934.978       0.80787667       0.79761087       0.34951071E-01
  11935.618       0.80305300       0.79719341       0.35227393E-01
  11936.259       0.79852933       0.79677576       0.34961618E-01
  11936.915       0.79411600       0.79634858       0.35269068E-01
  11937.556       0.79040333       0.79593159       0.35271226E-01
  11938.196       0.78706967       0.79551544       0.35231426E-01
  11938.853       0.78420367       0.79508820       0.35210111E-01
  11939.512       0.78163267       0.79465975       0.35316677E-01
  11940.169       0.77971200       0.79423252       0.35248492E-01
  11940.827       0.77799567       0.79380439       0.35015588E-01
  11941.503       0.77611100       0.79336486       0.35395207E-01
  11942.161       0.77476233       0.79293623       0.35266877E-01
  11942.836       0.77321967       0.79249609       0.35144414E-01
  11943.511       0.77226767       0.79205565       0.35308862E-01
  11944.187       0.77157733       0.79161424       0.35392896E-01
  11944.879       0.77092000       0.79116260       0.35055806E-01
  11945.555       0.77000567       0.79072064       0.34490411E-01
  11946.248       0.76999067       0.79026707       0.34602297E-01
  11946.924       0.76951300       0.78982450       0.34954455E-01
  11947.617       0.76956400       0.78937095       0.35038827E-01
  11948.311       0.76945033       0.78891585       0.34962163E-01
  11949.021       0.76921567       0.78844986       0.34530391E-01
  11949.716       0.76847833       0.78799412       0.34882821E-01
  11950.426       0.76785400       0.78752743       0.34929457E-01
  11951.137       0.76732100       0.78705982       0.35096185E-01
  11951.848       0.76701467       0.78659248       0.34973724E-01
  11952.559       0.76663567       0.78612416       0.34819491E-01
  11953.271       0.76654867       0.78565559       0.35122017E-01
  11953.981       0.76625300       0.78518729       0.35003351E-01
  11954.711       0.76670733       0.78470607       0.35119485E-01
  11955.441       0.76714100       0.78422459       0.35216918E-01
  11956.168       0.76780800       0.78374396       0.35349875E-01
  11956.898       0.76877300       0.78326182       0.34995781E-01
  11957.627       0.77029300       0.78277929       0.35340787E-01
  11958.374       0.77217767       0.78228511       0.35135377E-01
  11959.121       0.77334833       0.78179052       0.35089832E-01
  11959.850       0.77527533       0.78130707       0.34824585E-01
  11960.597       0.77646200       0.78081188       0.34672293E-01
  11961.362       0.77739033       0.78030428       0.34861832E-01
  11962.109       0.77811000       0.77980842       0.35008440E-01
  11962.874       0.77856433       0.77930014       0.35228613E-01
  11963.620       0.77821867       0.77880361       0.35181201E-01
  11964.386       0.77822733       0.77829405       0.34872186E-01
  11965.151       0.77800400       0.77778481       0.34966111E-01
  11965.915       0.77853533       0.77727583       0.35088097E-01
  11966.699       0.77931200       0.77675318       0.34667417E-01
  11967.463       0.78092600       0.77624285       0.34806718E-01
  11968.246       0.78288267       0.77572010       0.34926183E-01
  11969.029       0.78582367       0.77519768       0.34918937E-01
  11969.812       0.78873967       0.77467364       0.35052836E-01
  11970.595       0.79149133       0.77414985       0.35138759E-01
  11971.377       0.79398800       0.77362640       0.34914510E-01
  11972.178       0.79599400       0.77308981       0.34796451E-01
  11972.979       0.79765700       0.77255293       0.34922985E-01
  11973.781       0.79851233       0.77201564       0.34745122E-01
  11974.582       0.79864767       0.77147800       0.34509645E-01
  11975.383       0.79852967       0.77094001       0.34647875E-01
  11976.184       0.79770700       0.77040168       0.34795980E-01
  11977.002       0.79637867       0.76985150       0.34621830E-01
  11977.804       0.79448367       0.76931181       0.34641680E-01
  11978.623       0.79259600       0.76876026       0.34686514E-01
  11979.443       0.78936967       0.76820836       0.34405128E-01
  11980.279       0.78629133       0.76764451       0.34442883E-01
  11981.099       0.78276600       0.76709130       0.34659067E-01
  11981.936       0.77879167       0.76652674       0.34437916E-01
  11982.755       0.77522300       0.76597345       0.34857544E-01
  11983.592       0.77134867       0.76540758       0.34527625E-01
  11984.430       0.76767500       0.76484068       0.34703883E-01
  11985.268       0.76437833       0.76427411       0.34633943E-01
  11986.122       0.76112067       0.76369554       0.34695902E-01
  11986.959       0.75849967       0.76312820       0.34548591E-01
  11987.816       0.75677067       0.76254764       0.34491390E-01
  11988.670       0.75490967       0.76196808       0.34774712E-01
  11989.527       0.75294667       0.76138681       0.34662461E-01
  11990.382       0.75129400       0.76080580       0.34782538E-01
  11991.256       0.75071667       0.76021214       0.34394437E-01
  11992.110       0.74962967       0.75963112       0.34054811E-01
  11992.985       0.74832500       0.75903614       0.34606044E-01
  11993.858       0.74773433       0.75844150       0.34482540E-01
  11994.732       0.74640667       0.75784643       0.33958174E-01
  11995.605       0.74518533       0.75725102       0.34356205E-01
  11996.498       0.74426500       0.75664230       0.34420952E-01
  11997.372       0.74308933       0.75604619       0.34307298E-01
  11998.264       0.74241967       0.75543677       0.34312012E-01
  11999.156       0.74144433       0.75482762       0.34600017E-01
  12000.048       0.74167233       0.75421811       0.34910761E-01
  12000.940       0.74146633       0.75360765       0.34775582E-01
  12001.833       0.74139200       0.75299678       0.34356746E-01
  12002.743       0.74162967       0.75237386       0.34473266E-01
  12003.653       0.74179767       0.75175059       0.34423014E-01
  12004.563       0.74200833       0.75112635       0.34410046E-01
  12005.473       0.74246467       0.75050240       0.34519549E-01
  12006.384       0.74295367       0.74987741       0.34594545E-01
  12007.296       0.74357267       0.74925148       0.34633247E-01
  12008.224       0.74395533       0.74861407       0.34646233E-01
  12009.151       0.74447667       0.74797626       0.34508578E-01
  12010.063       0.74528400       0.74734932       0.34563231E-01
  12011.009       0.74452667       0.74669845       0.34532880E-01
  12011.938       0.74488367       0.74605900       0.34186698E-01
  12012.868       0.74495233       0.74541861       0.34291392E-01
  12013.814       0.74486000       0.74476666       0.34149913E-01
  12014.744       0.74481600       0.74412561       0.34192620E-01
  12015.692       0.74471367       0.74347168       0.34289482E-01
  12016.639       0.74495900       0.74281812       0.33743426E-01
  12017.586       0.74487500       0.74216423       0.34204794E-01
  12018.551       0.74482100       0.74149751       0.33918851E-01
  12019.499       0.74481033       0.74084235       0.34190719E-01
  12020.465       0.74445400       0.74017429       0.34286890E-01
  12021.430       0.74402467       0.73950660       0.34388182E-01
  12022.396       0.74384533       0.73883790       0.34494776E-01
  12023.362       0.74362333       0.73816888       0.34494537E-01
  12024.328       0.74336200       0.73749962       0.34427597E-01
  12025.312       0.74319600       0.73681805       0.34330396E-01
  12026.297       0.74306967       0.73613493       0.34230227E-01
  12027.263       0.74278100       0.73546467       0.34261156E-01
  12028.248       0.74284867       0.73478093       0.34317417E-01
  12029.250       0.74245733       0.73408494       0.34359420E-01
  12030.234       0.74225967       0.73340121       0.34141036E-01
  12031.220       0.74134600       0.73271650       0.33923345E-01
  12032.222       0.74090233       0.73201960       0.34316354E-01
  12033.225       0.73952333       0.73132170       0.34163497E-01
  12034.227       0.73810700       0.73062421       0.34237789E-01
  12035.231       0.73631767       0.72992580       0.33817961E-01
  12036.234       0.73448100       0.72922704       0.34088988E-01
  12037.255       0.73226767       0.72851537       0.34101230E-01
  12038.260       0.72996533       0.72781541       0.33960472E-01
  12039.281       0.72804933       0.72710317       0.34281340E-01
  12040.303       0.72616367       0.72639002       0.34090756E-01
  12041.325       0.72450833       0.72567720       0.34122633E-01
  12042.365       0.72267033       0.72495077       0.34062925E-01
  12043.387       0.72117700       0.72423739       0.34131304E-01
  12044.426       0.71954500       0.72351108       0.34164838E-01
  12045.449       0.71809300       0.72279581       0.33971626E-01
  12046.490       0.71603667       0.72206830       0.34021810E-01
  12047.531       0.71556467       0.72133981       0.33869994E-01
  12048.589       0.71399867       0.72059964       0.34166671E-01
  12049.630       0.71248567       0.71987059       0.33977155E-01
  12050.690       0.71090200       0.71912859       0.34112631E-01
  12051.731       0.70940633       0.71839899       0.33739107E-01
  12052.790       0.70836600       0.71765706       0.33845198E-01
  12053.848       0.70716633       0.71691486       0.33827257E-01
  12054.909       0.70677100       0.71617105       0.33585311E-01
  12055.986       0.70609067       0.71541496       0.33868154E-01
  12057.046       0.70614867       0.71467131       0.33639935E-01
  12058.124       0.70607167       0.71391397       0.33758652E-01
  12059.202       0.70590533       0.71315699       0.33715726E-01
  12060.282       0.70591133       0.71239841       0.33452769E-01
  12061.359       0.70571700       0.71164096       0.33350486E-01
  12062.438       0.70526533       0.71088255       0.33686044E-01
  12063.535       0.70485367       0.71011114       0.33746655E-01
  12064.632       0.70415700       0.70933939       0.33672972E-01
  12065.728       0.70379100       0.70856744       0.33435138E-01
  12066.808       0.70305767       0.70780734       0.33716664E-01
  12067.923       0.70300333       0.70702142       0.33543597E-01
  12069.021       0.70252167       0.70624798       0.33460939E-01
  12070.119       0.70219267       0.70547429       0.33343204E-01
  12071.235       0.70173067       0.70468759       0.33332012E-01
  12072.352       0.70132167       0.70389992       0.33446697E-01
  12073.466       0.70155500       0.70311340       0.33301061E-01
  12074.584       0.70147367       0.70232459       0.33661327E-01
  12075.700       0.70161367       0.70153687       0.33651618E-01
  12076.835       0.70137167       0.70073541       0.33504882E-01
  12077.952       0.70155133       0.69994585       0.33534342E-01
  12079.087       0.70133433       0.69914390       0.33608987E-01
  12080.222       0.70160867       0.69834177       0.33839548E-01
  12081.358       0.70147700       0.69753862       0.33688440E-01
  12082.494       0.70148133       0.69673530       0.33772857E-01
  12083.630       0.70111767       0.69593174       0.33323157E-01
  12084.784       0.70067733       0.69511507       0.33618044E-01
  12085.938       0.70056367       0.69429753       0.33815141E-01
  12087.075       0.70044800       0.69349264       0.33567722E-01
  12088.229       0.70011400       0.69267527       0.33501601E-01
  12089.401       0.69984733       0.69184492       0.33685862E-01
  12090.557       0.69964467       0.69102574       0.33308701E-01
  12091.713       0.69947733       0.69020635       0.33584367E-01
  12092.886       0.69958233       0.68937461       0.33306005E-01
  12094.059       0.69903400       0.68854265       0.33585257E-01
  12095.233       0.69898333       0.68770976       0.33199787E-01
  12096.407       0.69821300       0.68687673       0.33103617E-01
  12097.582       0.69777700       0.68604271       0.33233378E-01
  12098.774       0.69669100       0.68519633       0.33057325E-01
  12099.950       0.69564233       0.68436132       0.32926695E-01
  12101.142       0.69463033       0.68351453       0.33084116E-01
  12102.335       0.69358767       0.68266683       0.32969275E-01
  12103.529       0.69216600       0.68181828       0.32983886E-01
  12104.722       0.69070400       0.68097025       0.33231775E-01
  12105.915       0.68887933       0.68012196       0.33352984E-01
  12107.128       0.68725933       0.67925932       0.33150011E-01
  12108.340       0.68506667       0.67839706       0.33161011E-01
  12109.535       0.68322400       0.67754692       0.33210684E-01
  12110.747       0.68107100       0.67668436       0.33009832E-01
  12111.978       0.67861333       0.67580802       0.33225846E-01
  12113.191       0.67644633       0.67494503       0.32989653E-01
  12114.406       0.67392500       0.67407995       0.32963577E-01
  12115.637       0.67169733       0.67320308       0.33050684E-01
  12116.868       0.66932033       0.67232604       0.33007712E-01
  12118.100       0.66715933       0.67144813       0.32991792E-01
  12119.332       0.66540667       0.67057012       0.32988372E-01
  12120.565       0.66311000       0.66969124       0.32932761E-01
  12121.799       0.66177933       0.66881221       0.32843665E-01
  12123.049       0.66023333       0.66792076       0.32753594E-01
  12124.301       0.65874967       0.66702781       0.32826671E-01
  12125.535       0.65718967       0.66614769       0.32591008E-01
  12126.786       0.65556900       0.66525516       0.33073775E-01
  12128.056       0.65452300       0.66434951       0.32804678E-01
  12129.309       0.65323367       0.66345535       0.32737853E-01
  12130.561       0.65182467       0.66256171       0.33030302E-01
  12131.832       0.65047433       0.66165437       0.32998189E-01
  12133.103       0.64955533       0.66074684       0.33070634E-01
  12134.375       0.64830267       0.65983926       0.33248663E-01
  12135.646       0.64778667       0.65893149       0.33359967E-01
  12136.918       0.64674600       0.65802296       0.33213090E-01
  12138.209       0.64610333       0.65710076       0.33432355E-01
  12139.481       0.64572000       0.65619202       0.33417180E-01
  12140.772       0.64525567       0.65527018       0.33305880E-01
  12142.063       0.64496700       0.65434767       0.33278499E-01
  12143.355       0.64476467       0.65342429       0.32944928E-01
  12144.646       0.64461367       0.65250224       0.33069266E-01
  12145.938       0.64446700       0.65157875       0.32818261E-01
  12147.248       0.64459933       0.65064217       0.32955868E-01
  12148.540       0.64463700       0.64971924       0.32946308E-01
  12149.852       0.64477800       0.64878116       0.32766551E-01
  12151.163       0.64462433       0.64784373       0.32543822E-01
  12152.473       0.64504233       0.64690694       0.32787114E-01
  12153.786       0.64498233       0.64596867       0.32853405E-01
  12155.115       0.64504700       0.64501813       0.32789341E-01
  12156.427       0.64524767       0.64407975       0.32765722E-01
  12157.758       0.64496333       0.64312840       0.32862648E-01
  12159.088       0.64557067       0.64217707       0.32732185E-01
  12160.420       0.64549100       0.64122428       0.32777989E-01
  12161.752       0.64533433       0.64027218       0.32713436E-01
  12163.083       0.64567200       0.63931998       0.33046513E-01
  12164.433       0.64568367       0.63835417       0.32622200E-01
  12165.765       0.64573300       0.63740201       0.32659773E-01
  12167.117       0.64529967       0.63643482       0.32528238E-01
  12168.468       0.64489633       0.63546898       0.32617240E-01
  12169.818       0.64429933       0.63450315       0.32539686E-01
  12171.169       0.64348900       0.63353660       0.32326607E-01
  12172.540       0.64271367       0.63255648       0.32145414E-01
  12173.892       0.64168967       0.63158932       0.32083274E-01
  12175.263       0.64099233       0.63060917       0.31902766E-01
  12176.634       0.63992067       0.62962848       0.32013684E-01
  12178.005       0.63870467       0.62864774       0.31951172E-01
  12179.377       0.63689767       0.62766704       0.31833853E-01
  12180.749       0.63562567       0.62668575       0.31908388E-01
  12182.120       0.63479200       0.62570514       0.31883742E-01
  12183.512       0.63359467       0.62471030       0.32291672E-01
  12184.902       0.63213633       0.62371615       0.32126559E-01
  12186.295       0.63075033       0.62272072       0.32170102E-01
  12187.686       0.62911967       0.62172608       0.31982354E-01
  12189.077       0.62748200       0.62073151       0.32145893E-01
  12190.470       0.62585867       0.61973639       0.32260511E-01
  12191.881       0.62430733       0.61872763       0.32211964E-01
  12193.273       0.62251967       0.61773269       0.32352358E-01
  12194.685       0.62100800       0.61672414       0.32084161E-01
  12196.096       0.61883767       0.61571577       0.32357935E-01
  12197.509       0.61677100       0.61470680       0.31982542E-01
  12198.921       0.61499400       0.61369795       0.32056955E-01
  12200.352       0.61321333       0.61267630       0.31957094E-01
  12201.765       0.61138833       0.61166701       0.31836976E-01
  12203.197       0.60924567       0.61064500       0.32060967E-01
  12204.628       0.60743433       0.60962307       0.32043939E-01
  12206.061       0.60541767       0.60859994       0.31911886E-01
  12207.495       0.60380300       0.60757704       0.31891994E-01
  12208.927       0.60202567       0.60655488       0.31845208E-01
  12210.361       0.60054100       0.60553233       0.31682932E-01
  12211.813       0.59846400       0.60449626       0.32103651E-01
  12213.264       0.59680333       0.60346110       0.31905202E-01
  12214.699       0.59526567       0.60243840       0.32156200E-01
  12216.151       0.59366933       0.60140300       0.32046666E-01
  12217.624       0.59233667       0.60035348       0.32213888E-01
  12219.077       0.59092300       0.59931780       0.32260095E-01
  12220.531       0.58964300       0.59828234       0.32200137E-01
  12222.004       0.58838667       0.59723287       0.31730246E-01
  12223.476       0.58735233       0.59618428       0.32122668E-01
  12224.933       0.58660267       0.59514748       0.31614470E-01
  12226.405       0.58572300       0.59409947       0.31937271E-01
  12227.898       0.58476667       0.59303742       0.31547501E-01
  12229.372       0.58379567       0.59198852       0.31410433E-01
  12230.847       0.58322100       0.59093919       0.31494174E-01
  12232.341       0.58261700       0.58987735       0.31535528E-01
  12233.834       0.58175033       0.58881574       0.31437058E-01
  12235.329       0.58100233       0.58775379       0.31706611E-01
  12236.824       0.58038000       0.58669152       0.31276328E-01
  12238.318       0.57993167       0.58563020       0.31601469E-01
  12239.814       0.57927500       0.58456850       0.31872002E-01
  12241.328       0.57876033       0.58349366       0.31810878E-01
  12242.824       0.57830400       0.58243264       0.31647001E-01
  12244.339       0.57764033       0.58135779       0.31959300E-01
  12245.853       0.57719300       0.58028401       0.31751040E-01
  12247.369       0.57695933       0.57920990       0.31892644E-01
  12248.885       0.57592867       0.57813545       0.31879963E-01
  12250.420       0.57576833       0.57704865       0.32010408E-01
  12251.937       0.57529033       0.57597436       0.31963771E-01
  12253.471       0.57493533       0.57488829       0.31763397E-01
  12255.009       0.57440067       0.57380067       0.31496839E-01
  12256.527       0.57437800       0.57272698       0.31581841E-01
  12258.081       0.57372433       0.57162806       0.31595129E-01
  12259.619       0.57344000       0.57054167       0.31432403E-01
  12261.155       0.57307233       0.56945651       0.31554665E-01
  12262.711       0.57229900       0.56835762       0.31345218E-01
  12264.250       0.57195733       0.56727198       0.31583134E-01
  12265.807       0.57119100       0.56617334       0.31562756E-01
  12267.364       0.57069367       0.56507527       0.31488304E-01
  12268.922       0.57031700       0.56397763       0.31700563E-01
  12270.481       0.56959567       0.56287923       0.31439072E-01
  12272.058       0.56887767       0.56176854       0.31519521E-01
  12273.617       0.56826700       0.56067183       0.31712023E-01
  12275.195       0.56769200       0.55956159       0.31757565E-01
  12276.772       0.56628067       0.55845253       0.31542260E-01
  12278.352       0.56522567       0.55734271       0.31992329E-01
  12279.931       0.56421800       0.55623346       0.31520493E-01
  12281.511       0.56294000       0.55512415       0.31783411E-01
  12283.091       0.56169000       0.55401608       0.31379901E-01
  12284.689       0.56016967       0.55289527       0.31622472E-01
  12286.270       0.55872000       0.55178708       0.31414182E-01
  12287.870       0.55698933       0.55066612       0.31349254E-01
  12289.471       0.55524167       0.54954580       0.31183891E-01
  12291.071       0.55332967       0.54842620       0.31357604E-01
  12292.672       0.55162033       0.54730649       0.31171578E-01
  12294.291       0.54992000       0.54617557       0.31334513E-01
  12295.893       0.54809067       0.54505658       0.31235864E-01
  12297.514       0.54604100       0.54392494       0.30823009E-01
  12299.136       0.54419467       0.54279339       0.31012708E-01
  12300.756       0.54249000       0.54166388       0.30975079E-01
  12302.380       0.54091033       0.54053315       0.31058675E-01
  12304.001       0.53918533       0.53940441       0.31118198E-01
  12305.625       0.53729900       0.53827446       0.31504583E-01
  12307.266       0.53531800       0.53713339       0.31321511E-01
  12308.890       0.53360800       0.53600498       0.31531695E-01
  12310.533       0.53210300       0.53486408       0.31291656E-01
  12312.177       0.53067200       0.53372399       0.31277033E-01
  12313.820       0.52893367       0.53258471       0.31122243E-01
  12315.464       0.52706900       0.53144562       0.31346934E-01
  12317.127       0.52544400       0.53029415       0.31171244E-01
  12318.772       0.52379467       0.52915606       0.31063718E-01
  12320.436       0.52264000       0.52800561       0.30973641E-01
  12322.083       0.52084400       0.52686862       0.30757476E-01
  12323.748       0.51938833       0.52571931       0.30783972E-01
  12325.414       0.51808700       0.52457022       0.30935029E-01
  12327.079       0.51673333       0.52342273       0.30586666E-01
  12328.765       0.51542233       0.52226170       0.30280066E-01
  12330.431       0.51457433       0.52111538       0.30535567E-01
  12332.118       0.51372567       0.51995564       0.30503162E-01
  12333.785       0.51266533       0.51881053       0.30544471E-01
  12335.472       0.51192233       0.51765274       0.30952142E-01
  12337.159       0.51114533       0.51649587       0.30973265E-01
  12338.847       0.51047500       0.51533938       0.31041143E-01
  12340.554       0.50978500       0.51417088       0.30626462E-01
  12342.242       0.50887867       0.51301637       0.31062999E-01
  12343.933       0.50786600       0.51186088       0.31038416E-01
  12345.640       0.50702400       0.51069531       0.30996715E-01
  12347.349       0.50641767       0.50952944       0.30565149E-01
  12349.059       0.50579533       0.50836396       0.30988971E-01
  12350.769       0.50506400       0.50719947       0.30818128E-01
  12352.480       0.50457733       0.50603529       0.30872099E-01
  12354.209       0.50382667       0.50485979       0.30761586E-01
  12355.920       0.50295167       0.50369759       0.30631349E-01
  12357.650       0.50224733       0.50252341       0.30690354E-01
  12359.363       0.50132967       0.50136188       0.30688600E-01
  12361.094       0.50053233       0.50018839       0.30484320E-01
  12362.826       0.49979033       0.49901596       0.30505626E-01
  12364.577       0.49903267       0.49783152       0.30548093E-01
  12366.311       0.49836933       0.49665971       0.30486467E-01
  12368.045       0.49787633       0.49548888       0.30613300E-01
  12369.797       0.49701567       0.49430681       0.30815309E-01
  12371.551       0.49618233       0.49312446       0.30883987E-01
  12373.285       0.49544000       0.49195595       0.30861274E-01
  12375.039       0.49440233       0.49077555       0.30638560E-01
  12376.813       0.49381867       0.48958269       0.30696031E-01
  12378.569       0.49296000       0.48840298       0.30592634E-01
  12380.324       0.49187500       0.48722417       0.30762290E-01
  12382.099       0.49076700       0.48603359       0.30867847E-01
  12383.856       0.48970433       0.48485619       0.30925963E-01
  12385.632       0.48870500       0.48366629       0.30922452E-01
  12387.408       0.48781033       0.48247797       0.30753490E-01
  12389.187       0.48601267       0.48128875       0.30564038E-01
  12390.964       0.48478967       0.48010177       0.30905425E-01
  12392.761       0.48313633       0.47890180       0.30579020E-01
  12394.540       0.48202767       0.47771548       0.30717462E-01
  12396.337       0.48066400       0.47651740       0.30592739E-01
  12398.118       0.47936800       0.47533173       0.30226611E-01
  12399.918       0.47776067       0.47413430       0.30118551E-01
  12401.717       0.47624633       0.47293784       0.30236293E-01
  12403.517       0.47551433       0.47174234       0.30213281E-01
  12405.337       0.47374933       0.47053392       0.30051035E-01
  12407.138       0.47229367       0.46933967       0.30270694E-01
  12408.958       0.47097467       0.46813318       0.30511460E-01
  12410.762       0.46925733       0.46693897       0.30198430E-01
  12412.582       0.46790833       0.46573432       0.30180381E-01
  12414.406       0.46624567       0.46452877       0.30259377E-01
  12416.229       0.46462433       0.46332416       0.30053191E-01
  12418.052       0.46288000       0.46212110       0.30234600E-01
  12419.894       0.46159567       0.46090579       0.30119919E-01
  12421.720       0.45981133       0.45970269       0.30364263E-01
  12423.563       0.45828367       0.45848868       0.29995846E-01
  12425.389       0.45644933       0.45728685       0.30123838E-01
  12427.234       0.45502600       0.45607406       0.30020605E-01
  12429.080       0.45309833       0.45486094       0.29570279E-01
  12430.927       0.45176400       0.45364811       0.29615631E-01
  12432.774       0.45050533       0.45243685       0.29759127E-01
  12434.640       0.44831900       0.45121341       0.30252099E-01
  12436.488       0.44724300       0.45000269       0.29856864E-01
  12438.355       0.44592600       0.44878051       0.29787516E-01
  12440.223       0.44465700       0.44755920       0.29957824E-01
  12442.092       0.44370500       0.44633756       0.30304220E-01
  12443.961       0.44213367       0.44511684       0.29895387E-01
  12445.831       0.44070000       0.44389638       0.29992166E-01
  12447.702       0.43919700       0.44267624       0.29676006E-01
  12449.573       0.43790400       0.44145758       0.29812780E-01
  12451.464       0.43666000       0.44022622       0.29937199E-01
  12453.354       0.43540433       0.43899635       0.29733698E-01
  12455.227       0.43435300       0.43777857       0.29682167E-01
  12457.119       0.43326867       0.43654926       0.29856679E-01
  12459.013       0.43050200       0.43531961       0.29567387E-01
  12460.926       0.43043900       0.43407846       0.29552353E-01
  12462.819       0.42969033       0.43285125       0.29805733E-01
  12464.714       0.42812133       0.43162361       0.29848908E-01
  12466.628       0.42731700       0.43038456       0.29515152E-01
  12468.543       0.42618133       0.42914574       0.29299668E-01
  12470.439       0.42588600       0.42792014       0.29423155E-01
  12472.356       0.42464733       0.42668191       0.29617874E-01
  12474.273       0.42404167       0.42544448       0.29649973E-01
  12476.210       0.42297433       0.42419502       0.29279099E-01
  12478.127       0.42228200       0.42295869       0.29486002E-01
  12480.046       0.42167600       0.42172262       0.29435718E-01
  12481.984       0.42091800       0.42047518       0.29785738E-01
  12483.924       0.41992900       0.41922731       0.29309780E-01
  12485.863       0.41898533       0.41798094       0.29453416E-01
  12487.803       0.41783567       0.41673413       0.29433238E-01
  12489.744       0.41688400       0.41548823       0.29423098E-01
  12491.686       0.41599567       0.41424253       0.29453667E-01
  12493.628       0.41491100       0.41299773       0.29416140E-01
  12495.589       0.41391467       0.41174081       0.29545871E-01
  12497.533       0.41297067       0.41049644       0.29457565E-01
  12499.496       0.41170933       0.40923997       0.29868852E-01
  12501.460       0.41035067       0.40798439       0.29289988E-01
  12503.425       0.40935433       0.40672906       0.29241757E-01
  12505.389       0.40790900       0.40547447       0.29445279E-01
  12507.355       0.40659533       0.40422012       0.29316224E-01
  12509.321       0.40555267       0.40296594       0.29156391E-01
  12511.307       0.40395500       0.40170038       0.29039060E-01
  12513.293       0.40280200       0.40043505       0.29050931E-01
  12515.262       0.40122533       0.39918205       0.29200113E-01
  12517.250       0.40015233       0.39791710       0.29163612E-01
  12519.238       0.39880867       0.39665294       0.29314658E-01
  12521.228       0.39760167       0.39538900       0.29174844E-01
  12523.219       0.39611567       0.39412456       0.29370289E-01
  12525.229       0.39482300       0.39284940       0.29661883E-01
  12527.219       0.39339800       0.39158714       0.29315561E-01
  12529.230       0.39219033       0.39031233       0.29174206E-01
  12531.242       0.39095733       0.38903765       0.29282320E-01
  12533.236       0.38907067       0.38777589       0.29718165E-01
  12535.249       0.38775533       0.38650208       0.29374393E-01
  12537.264       0.38662233       0.38522789       0.29390035E-01
  12539.296       0.38469167       0.38394357       0.29581757E-01
  12541.312       0.38336300       0.38267030       0.29281077E-01
  12543.328       0.38163033       0.38139769       0.29149618E-01
  12545.363       0.37996567       0.38011382       0.29034338E-01
  12547.400       0.37832633       0.37882942       0.29213392E-01
  12549.438       0.37660867       0.37754583       0.28911068E-01
  12551.457       0.37525700       0.37627430       0.28798173E-01
  12553.513       0.37387733       0.37497957       0.29165092E-01
  12555.553       0.37255267       0.37369635       0.28977785E-01
  12557.593       0.37128800       0.37241386       0.29071785E-01
  12559.653       0.36999633       0.37111948       0.29264354E-01
  12561.695       0.36843933       0.36983726       0.28970750E-01
  12563.756       0.36673567       0.36854379       0.29145488E-01
  12565.799       0.36536033       0.36726241       0.29265120E-01
  12567.862       0.36393333       0.36596922       0.29144737E-01
  12569.926       0.36216333       0.36467558       0.29421005E-01
  12572.008       0.36076833       0.36337198       0.29185180E-01
  12574.074       0.35946833       0.36207920       0.29113268E-01
  12576.139       0.35821133       0.36078716       0.29044512E-01
  12578.225       0.35687033       0.35948341       0.28876251E-01
  12580.292       0.35537300       0.35819228       0.29066232E-01
  12582.379       0.35408400       0.35688878       0.29049323E-01
  12584.467       0.35264533       0.35558602       0.28936570E-01
  12586.556       0.35065500       0.35428283       0.29770513E-01
  12588.646       0.34938200       0.35298038       0.29708770E-01
  12590.735       0.34821867       0.35167923       0.29597111E-01
  12592.845       0.34676167       0.35036519       0.29846054E-01
  12594.937       0.34587567       0.34906324       0.29458539E-01
  12597.048       0.34492333       0.34775070       0.29609878E-01
  12599.161       0.34358500       0.34643718       0.29238800E-01
  12601.254       0.34269500       0.34513739       0.29411276E-01
  12603.368       0.34161833       0.34382475       0.29408756E-01
  12605.482       0.34077533       0.34251285       0.29603443E-01
  12607.617       0.33931167       0.34118869       0.29644959E-01
  12609.734       0.33818133       0.33987712       0.29409584E-01
  12611.850       0.33733200       0.33856630       0.29254931E-01
  12613.987       0.33617667       0.33724322       0.28951308E-01
  12616.125       0.33535500       0.33592035       0.28828523E-01
  12618.245       0.33434533       0.33460943       0.28817962E-01
  12620.384       0.33315033       0.33328745       0.28517280E-01
  12622.524       0.33206900       0.33196560       0.28241050E-01
  12624.665       0.33105400       0.33064396       0.28149274E-01
  12626.825       0.32971033       0.32931134       0.28126566E-01
  12628.967       0.32860267       0.32799059       0.27714477E-01
  12631.130       0.32806433       0.32665772       0.27574032E-01
  12633.274       0.32641000       0.32533730       0.27530504E-01
  12635.438       0.32545900       0.32400533       0.27767442E-01
  12637.604       0.32425767       0.32267295       0.27324793E-01
  12639.769       0.32315467       0.32134194       0.27546461E-01
  12641.935       0.32194933       0.32001053       0.27179442E-01
  12644.102       0.32060467       0.31867981       0.27038227E-01
  12646.271       0.31949867       0.31734868       0.27112596E-01
  12648.459       0.31826900       0.31600666       0.27108347E-01
  12650.629       0.31696900       0.31467594       0.26660061E-01
  12652.819       0.31569700       0.31333422       0.26850110E-01
  12654.989       0.31475800       0.31200501       0.26677980E-01
  12657.180       0.31326033       0.31066426       0.26638687E-01
  12659.374       0.31160200       0.30932195       0.26452065E-01
  12661.567       0.31023367       0.30798156       0.26666702E-01
  12663.779       0.30927200       0.30662965       0.26228411E-01
  12665.974       0.30695133       0.30528963       0.26524236E-01
  12668.171       0.30559433       0.30394865       0.25935067E-01
  12670.385       0.30416500       0.30259789       0.25928294E-01
  12672.603       0.30271833       0.30124618       0.25603140E-01
  12674.801       0.30102000       0.29990688       0.25510574E-01
  12677.019       0.29951733       0.29855616       0.25173442E-01
  12679.237       0.29802567       0.29720614       0.25428812E-01
  12681.458       0.29692767       0.29585579       0.25420244E-01
  12683.698       0.29572067       0.29449398       0.25308059E-01
  12685.920       0.29341600       0.29314395       0.25398057E-01
  12688.162       0.29167533       0.29178259       0.25267178E-01
  12690.386       0.29091833       0.29043293       0.25570937E-01
  12692.629       0.28974733       0.28907245       0.24946004E-01
  12694.873       0.28857067       0.28771218       0.25196722E-01
  12697.120       0.28705633       0.28635100       0.25524673E-01
  12699.366       0.28557833       0.28499112       0.25218755E-01
  12701.612       0.28435800       0.28363140       0.25427616E-01
  12703.860       0.28292933       0.28227191       0.24941450E-01
  12706.110       0.28170333       0.28091203       0.25364937E-01
  12708.379       0.28018800       0.27954137       0.25171379E-01
  12710.629       0.27835600       0.27818242       0.25049422E-01
  12712.900       0.27704000       0.27681216       0.24963565E-01
  12715.172       0.27521600       0.27544213       0.24848563E-01
  12717.444       0.27410433       0.27407226       0.24362795E-01
  12719.718       0.27262000       0.27270256       0.24635001E-01
  12721.993       0.27114233       0.27133308       0.24330624E-01
  12724.268       0.27003967       0.26996377       0.24490799E-01
  12726.563       0.26887433       0.26858320       0.24310876E-01
  12728.841       0.26765200       0.26721434       0.24771731E-01
  12731.138       0.26637667       0.26583417       0.24800111E-01
  12733.417       0.26540733       0.26446564       0.24623039E-01
  12735.716       0.26397200       0.26308641       0.24520138E-01
  12738.017       0.26269167       0.26170626       0.24337433E-01
  12740.318       0.26132333       0.26032689       0.24966472E-01
  12742.620       0.25968633       0.25894829       0.24515296E-01
  12744.924       0.25831100       0.25756871       0.24618335E-01
  12747.247       0.25685733       0.25617854       0.24474890E-01
  12749.551       0.25541400       0.25480050       0.24364844E-01
  12751.877       0.25285100       0.25341013       0.27155875E-01
  12754.182       0.25097867       0.25203302       0.27063665E-01
  12756.510       0.24957033       0.25064306       0.27408499E-01
  12758.838       0.24844400       0.24925386       0.27463698E-01
  12761.167       0.24704167       0.24786484       0.27125523E-01
  12763.496       0.24560733       0.24647605       0.27033583E-01
  12765.827       0.24424533       0.24508743       0.27142736E-01
  12768.180       0.24297367       0.24368654       0.27128393E-01
  12770.513       0.24196467       0.24229833       0.27031843E-01
  12772.865       0.24077033       0.24089898       0.27139741E-01
  12775.199       0.23952467       0.23951175       0.27296296E-01
  12777.556       0.23906733       0.23811162       0.26732968E-01
  12779.911       0.23826067       0.23671292       0.25985537E-01
  12782.269       0.23728300       0.23531379       0.26074177E-01
  12784.626       0.23582800       0.23391543       0.26021268E-01
  12786.985       0.23435700       0.23251671       0.26032783E-01
  12789.344       0.23282500       0.23111934       0.26021750E-01
  12791.724       0.23166600       0.22970973       0.26243695E-01
  12794.087       0.23008100       0.22831162       0.25949929E-01
  12796.470       0.22913867       0.22690196       0.26198376E-01
  12798.853       0.22740167       0.22549314       0.26062044E-01
  12801.216       0.22559633       0.22409698       0.25689650E-01
  12803.601       0.22463233       0.22268868       0.25816308E-01
  12805.987       0.22290100       0.22128074       0.25738487E-01
  12808.395       0.22126933       0.21986079       0.25089204E-01
  12810.783       0.21968567       0.21845355       0.25938426E-01
  12813.172       0.21740533       0.21704671       0.28033357E-01
  12815.583       0.21609600       0.21562788       0.28203775E-01
  12817.974       0.21477833       0.21422180       0.28625348E-01
  12820.385       0.21304200       0.21280494       0.28558479E-01
  12822.798       0.21180133       0.21138799       0.28876275E-01
  12825.192       0.21023067       0.20998327       0.28604932E-01
  12827.607       0.20898700       0.20856669       0.28485537E-01
  12830.022       0.20742300       0.20715176       0.28273002E-01
  12832.460       0.20604567       0.20572399       0.28424774E-01
  12834.877       0.20494433       0.20431015       0.28064799E-01
  12837.296       0.20372400       0.20289631       0.27644412E-01
  12839.735       0.20258500       0.20147135       0.27201293E-01
  12842.156       0.20101833       0.20005812       0.27232150E-01
  12844.598       0.19471133       0.19863441       0.35255884E-01
  12847.040       0.19053300       0.19721132       0.39519997E-01
  12849.484       0.18869033       0.19578893       0.40086916E-01
  12851.928       0.18527133       0.19436720       0.43201656E-01
  12854.375       0.18160967       0.19294511       0.47191917E-01
  12856.821       0.17950200       0.19152482       0.48063829E-01
  12859.268       0.17995933       0.19010531       0.44903896E-01
  12861.737       0.17693533       0.18867437       0.47348740E-01
  12864.186       0.18389233       0.18725642       0.33648813E-01
  12866.657       0.18702400       0.18582710       0.27581887E-01
  12869.108       0.18517867       0.18441078       0.27736443E-01
  12871.582       0.18329067       0.18298263       0.28433227E-01
  12874.054       0.18220333       0.18155696       0.28765535E-01
  12876.530       0.18042533       0.18013060       0.28584497E-01
  12879.005       0.17909433       0.17870571       0.28688427E-01
  12881.502       0.17731567       0.17727017       0.28435113E-01
  12883.980       0.17603467       0.17584719       0.28619000E-01
  12886.458       0.17423900       0.17442516       0.28202001E-01
  12888.958       0.17271033       0.17299265       0.28296644E-01
  12891.439       0.17149000       0.17157213       0.28316895E-01
  12893.941       0.16945633       0.17014171       0.28840320E-01
  12896.443       0.16825267       0.16871234       0.28864513E-01
  12898.949       0.16677100       0.16728302       0.29029000E-01
  12901.453       0.16559700       0.16585593       0.28002062E-01
  12903.959       0.16424400       0.16442939       0.28114502E-01
  12906.467       0.16252400       0.16300353       0.28175571E-01
  12908.975       0.16128400       0.16157991       0.28233124E-01
  12911.505       0.16005567       0.16014505       0.28114411E-01
  12914.014       0.15865500       0.15872381       0.28164308E-01
  12916.546       0.15740667       0.15729146       0.27774094E-01
  12919.079       0.15579633       0.15586044       0.27825696E-01
  12921.592       0.15439867       0.15444249       0.27983232E-01
  12924.127       0.15342200       0.15301411       0.28439216E-01
  12926.662       0.15176033       0.15158705       0.28027595E-01
  12929.199       0.15024200       0.15016135       0.27988464E-01
  12931.757       0.14912967       0.14872580       0.27990555E-01
  12934.297       0.14799533       0.14730243       0.28202748E-01
  12936.836       0.14650867       0.14588104       0.27524385E-01
  12939.399       0.14487233       0.14444879       0.27183821E-01
  12941.939       0.14389200       0.14303087       0.27446489E-01
  12944.504       0.14264367       0.14160173       0.27530582E-01
  12947.068       0.14148500       0.14017467       0.27640681E-01
  12949.635       0.13999800       0.13874862       0.27431968E-01
  12952.201       0.13857967       0.13732476       0.27388305E-01
  12954.769       0.13715700       0.13590200       0.27352172E-01
  12957.338       0.13591867       0.13448086       0.27558247E-01
  12959.908       0.13447700       0.13306137       0.27391249E-01
  12962.501       0.13321933       0.13163203       0.27621710E-01
  12965.072       0.13165367       0.13021652       0.27376055E-01
  12967.666       0.13032400       0.12879070       0.27406016E-01
  12970.240       0.12851267       0.12737821       0.27283800E-01
  12972.836       0.12700500       0.12595599       0.26896663E-01
  12975.432       0.12595060       0.12453558       0.27537595E-01
  12978.030       0.12415087       0.12311707       0.27168077E-01
  12980.630       0.12290327       0.12169994       0.27369609E-01
  12983.230       0.12176143       0.12028523       0.27749800E-01
  12985.831       0.12048570       0.11887189       0.27460040E-01
  12988.434       0.11916203       0.11746060       0.27598325E-01
  12991.059       0.11771630       0.11603936       0.27693073E-01
  12993.664       0.11661017       0.11463203       0.27629254E-01
  12996.291       0.11550367       0.11321490       0.27345057E-01
  12998.898       0.11376763       0.11181167       0.27696445E-01
  13001.526       0.11232473       0.11039927       0.27634571E-01
  13004.156       0.11076247       0.10898851       0.27797401E-01
  13006.786       0.10931500       0.10758043       0.27420400E-01
  13009.418       0.10757747       0.10617397       0.27401996E-01
  13012.051       0.10617103       0.10477030       0.27235251E-01
  13014.686       0.10450270       0.10336782       0.27413163E-01
  13017.342       0.10312600       0.10195698       0.27344420E-01
  13019.979       0.10156857       0.10055855       0.27097896E-01
  13022.637       0.10012590       0.99152380E-01   0.26971647E-01
  13025.275       0.98854367E-01   0.97759694E-01   0.27476532E-01
  13027.937       0.97548467E-01   0.96357291E-01   0.27098456E-01
  13030.599       0.95776800E-01   0.94957825E-01   0.27475221E-01
  13033.261       0.94420767E-01   0.93560793E-01   0.27237114E-01
  13035.926       0.92948200E-01   0.92165750E-01   0.26961699E-01
  13038.590       0.91605600E-01   0.90773769E-01   0.26941759E-01
  13041.257       0.90099733E-01   0.89383776E-01   0.27184358E-01
  13043.924       0.88638367E-01   0.87996372E-01   0.27187901E-01
  13046.594       0.87416267E-01   0.86611013E-01   0.27145313E-01
  13049.284       0.85678567E-01   0.85217950E-01   0.27092781E-01
  13051.954       0.84234767E-01   0.83838388E-01   0.27121075E-01
  13054.647       0.82606300E-01   0.82450240E-01   0.26902205E-01
  13057.343       0.81017133E-01   0.81064296E-01   0.26672959E-01
  13060.037       0.79595667E-01   0.79682070E-01   0.26646490E-01
  13062.714       0.78073867E-01   0.78311967E-01   0.26199447E-01
  13065.410       0.76371167E-01   0.76935330E-01   0.26361396E-01
  13068.110       0.75239000E-01   0.75560139E-01   0.26466873E-01
