MRCAT_XAFS V0.3 Datafile
"femag.001" created at APS Sector 10-ID on Sat Jun  9 09:54:35 2001
Ring energy= 7.00 GeV
E0= 7100.00
NUM_REGIONS= 1
SRB= 6900
SRSS= 1
SPP= 0.4
Settling time= 0

***** DATA : LN( I0/IT )    REFERENCE : LN( IT/IRef ) *****

Offsets= 0.00 11495.56 11977.89 306.44 11092.78 0.00 0.00 0.00 0.00 0.00 0.00 0.00 0.00 0.00 0.00 0.00 
Gains= 8.00 6.00 7.00 9.00 7.00 1.00 1.00 1.00 1.00 1.00 1.00 1.00 1.00 1.00 1.00 1.00
Fe K-edge 
Fe3O4 thin film
 
------------------------------------------------------------------------------------------------
   energy joerger_timer       Io       It       If     Iref 
 6901.4356  15173030 30965 78090 212.5 174122.5
 6902.1809  12889690 26355 66517.5 182.5 148135
 6903.6318  12889950 26232.5 66265 177.5 148295
 6904.9624  12890322 26397.5 66720 177.5 148247.5
 6906.0715  12890110 26397.5 66755 180 148265
 6907.282   12890365 26370 66722.5 182.5 148170
 6908.4323  15469852 31677.5 80215 215 178137.5
 6909.6033  12888465 26452.5 67015 180 148612.5
 6910.7948  12891068 26482.5 67150 182.5 148785
 6911.9464  12889562 26437.5 67085 182.5 148715
 6913.1388  12890325 26582.5 67480 185 149105
 6914.3113  12889988 26625 67640 182.5 149445
 6915.4237  12890335 26582.5 67580 182.5 149462.5
 6916.6173  12890130 26490 67385 185 149047.5
 6917.8114  15468768 31925 81262.5 217.5 179272.5
 6918.9654  12889558 26727.5 68080 185 149785
 6920.1603  12891285 26715 68102.5 185 149705
 6921.3151  12889238 26785 68325 185 150005
 6922.4906  12891330 26782.5 68365 185 150072.5
 6923.626   12889125 26842.5 68552.5 185 150735
 6924.8023  12890545 26957.5 68887.5 187.5 150642.5
 6926.0196  15467785 32390 82855 227.5 181347.5
 6927.1765  12890695 26975 69057.5 187.5 151047.5
 6928.3744  12889695 27157.5 69562.5 190 151297.5
 6929.5117  12890918 27120 69525 192.5 151420
 6930.6698  12889442 27177.5 69722.5 190 151627.5
 6931.8283  12891095 27187.5 69785 190 151860
 6933.0482  12889478 27190 69845 192.5 151832.5
 6934.1872  12891412 27132.5 69750 192.5 151855
 6935.2859  12888865 27290 70210 192.5 152330
 6936.4053  12891725 27425 70597.5 195 152930
 6937.5047  12888702 27312.5 70370 197.5 152367.5
 6938.6044  12891042 27360 70530 192.5 152430
 6939.7249  10311428 21907.5 56512.5 155 155105
 6940.8051  12889920 27320 70510 192.5 118805
 6941.9467  12890432 27370 70682.5 195 152457.5
 6943.0683  12890078 27345 70675 195 152565
 6944.1495  12890482 27497.5 71102.5 197.5 152970
 6945.2515  12889930 27485 71125 195 153010
 6946.3743  12890388 27645 71582.5 197.5 153495
 6947.477   10312800 22165 57417.5 160 122887.5
 6948.6005  12889525 27687.5 71770 195 153680
 6949.7243  12890388 27677.5 71800 197.5 153532.5
 6950.8282  12890015 27765 72075 197.5 153785
 6951.9528  12890468 27800 72222.5 200 153767.5
 6953.0574  12889980 27815 72322.5 200 153917.5
 6954.1623  12890348 27812.5 72362.5 202.5 153867.5
 6955.3699  12890195 27897.5 72632.5 200 154110
 6956.5575  12890015 27950 72830 202.5 154207.5
 6957.7456  12890188 27950 72867.5 202.5 154007.5
 6958.934   12890308 28035 73125 200 154492.5
 6960.1024  12890098 28047.5 73205 200 154480
 6961.2712  15468155 33777.5 88212.5 247.5 185615
 6962.4609  12890182 28040 73300 202.5 154282.5
 6963.6716  12890138 28075 73442.5 205 154432.5
 6964.8827  12890335 28065 73470 205 154257.5
 6966.0531  12890205 28227.5 73947.5 207.5 154760
 6967.224   12890355 28197.5 73927.5 205 154470
 6968.4158  12889965 28260 74147.5 205 154687.5
 6969.5875  15468305 33995 89265 252.5 186140
 6970.8008  12890612 28362.5 74520 210 155105
 6971.9939  12889882 28387.5 74625 210 155305
 6973.1874  12890622 28455 74855 210 155530
 6974.3608  12889728 28467.5 74945 210 155220
 6975.514   12890548 28540 75177.5 212.5 155382.5
 6976.75    12889888 28620 75447.5 215 155507.5
 6977.9453  12890490 28575 75367.5 212.5 155195
 6979.1616  15467990 34277.5 90480 255 186215
 6980.337   12889918 28690 75775 210 155082.5
 6981.5129  12890470 28645 75705 217.5 154840
 6982.7099  12889928 28775 76110 217.5 155280
 6983.866   12890528 28850 76360 220 155407.5
 6985.1051  12889995 28847.5 76405 220 155422.5
 6986.3033  12890442 28897.5 76607.5 220 155147.5
 6987.5019  15468210 34785 92260 262.5 186872.5
 6988.6804  12890000 29045 77097.5 220 155692.5
 6989.8592  12890350 29097.5 77300 222.5 156102.5
 6991.0591  12890142 29147.5 77460 222.5 156232.5
 6992.2802  12890170 29292.5 77887.5 222.5 156187.5
 6993.481   12890190 29380 78187.5 225 156342.5
 6994.6822  12890288 29435 78395 227.5 156545
 6995.8424  15468410 35340 94195 275 187515
 6997.0238  12890018 29445 78547.5 230 156220
 6998.247   12890282 29387.5 78445 225 156032.5
 6999.4707  12890048 29407.5 78550 225 155875
 7000.6741  12890555 29510 78867.5 227.5 156047.5
 7001.8364  12889992 29460 78797.5 230 155867.5
 7003.0406  12890782 29467.5 78862.5 230 155890
 7004.2245  15467652 35607.5 95375 275 187517.5
 7005.4504  12890022 29520 79120 235 155910
 7006.6559  12890472 29720 79712.5 232.5 156175
 7007.8619  12890108 29695 79687.5 235 156057.5
 7009.0475  12890238 29920 80342.5 240 156580
 7010.2335  12889988 29980 80550 237.5 156807.5
 7011.4407  12890425 29955 80540 240 156715
 7012.6692  15468390 36110 97155 285 188415
 7013.8982  12889978 30050 80915 242.5 156920
 7015.0859  12890632 29982.5 80797.5 240 156677.5
 7016.2532  12889835 30097.5 81152.5 245 156850
 7017.4834  12890420 29625 79952.5 240 153787.5
 7018.6933  12889880 30125 81347.5 245 156922.5
 7019.9453  12890505 30357.5 82037.5 247.5 157630
 7021.1143  15469460 36307.5 98192.5 295 188915
 7022.3046  12888572 30262.5 81912.5 250 157657.5
 7023.4535  10312290 24205 65555 202.5 126187.5
 7024.5819  12890600 30395 82355 250 158100
 7025.7316  12889818 30425 82495 255 157927.5
 7026.8607  12890460 30200 81940 252.5 157165
 7028.0112  12889938 30385 82507.5 252.5 158150
 7029.1411  12890650 30525 82935 252.5 158307.5
 7030.2924  12889740 30540 83032.5 260 158642.5
 7031.444   10312540 24462.5 66550 210 127187.5
 7032.596   12890068 30592.5 83282.5 257.5 158940
 7033.7065  12889852 30477.5 83002.5 260 159125
 7034.8803  12890350 30755 83817.5 257.5 159610
 7035.9916  12890195 30705 83735 262.5 159652.5
 7037.1452  12890480 30647.5 83630 262.5 159360
 7038.2991  10312440 24592.5 67152.5 212.5 127827.5
 7039.4535  12889740 30665 83785 265 159882.5
 7040.5873  12890752 30665 83840 267.5 159860
 7041.7844  12889475 30745 84107.5 270 159945
 7042.898   12891220 30775 84240 272.5 160157.5
 7044.0539  12889385 30952.5 84797.5 275 160687.5
 7045.2103  12891108 30970 84900 275 160857.5
 7046.346   10311290 24640 67595 225 128600
 7047.4821  12890035 30945 84930 280 161037.5
 7048.6396  12890338 30860 84747.5 280 161102.5
 7049.7975  12890005 30942.5 85030 280 161360
 7050.9558  12890522 31032.5 85322.5 290 161655
 7052.0934  12889825 30925 85092.5 282.5 161747.5
 7053.2525  12890635 30952.5 85222.5 290 161782.5
 7054.391   10312055 24710 68072.5 230 129632.5
 7055.5508  12889988 31130 85812.5 295 162437.5
 7056.69    12890405 31055 85652.5 292.5 162375
 7057.8507  12889968 31160 86002.5 292.5 162595
 7058.9906  12890495 31152.5 86047.5 297.5 162850
 7060.131   12889868 31237.5 86345 302.5 163070
 7061.2928  10312220 25027.5 69222.5 245 130762.5
 7062.4551  12890705 31342.5 86745 307.5 163485
 7063.5755  12889712 31127.5 86190 310 162712.5
 7064.7385  12890815 31147.5 86297.5 315 163500
 7065.9019  12889755 31337.5 86900 317.5 163995
 7067.0234  12890630 31312.5 86867.5 317.5 164140
 7068.1877  12889640 31355 87040 322.5 164387.5
 7069.3946  12890930 31307.5 86975 322.5 164510
 7070.5385  12889508 31327.5 87087.5 327.5 164512.5
 7071.7039  10312102 25147.5 69952.5 267.5 131867.5
 7072.8485  12890385 31497.5 87660 337.5 165250
 7074.036   12890010 31422.5 87502.5 340 164402.5
 7075.2026  12890440 31457.5 87655 342.5 165140
 7076.3272  12889980 31572.5 88045 352.5 165925
 7077.4946  12890260 31562.5 88072.5 352.5 166040
 7078.6412  10312508 25240 70477.5 292.5 132980
 7079.8094  12889975 31652.5 88435 367.5 166712.5
 7080.978   12890268 31705 88640 375 166842.5
 7082.1258  12889985 31732.5 88782.5 380 167110
 7083.2952  12890545 31757.5 88892.5 387.5 167490
 7084.4863  12890042 31725 88837.5 392.5 167370
 7085.6139  12890352 31685 88785 397.5 167245
 7086.7846  10312148 25390 71180 325 134082.5
 7087.9556  12889855 31725 89000 420 167492.5
 7089.1057  12890388 31787.5 89230 430 167667.5
 7090.2775  12889985 31985 89852.5 440 167915
 7091.4497  12890902 32010 89987.5 452.5 168455
 7092.601   12889418 31825 89505 467.5 167847.5
 7093.7954  12891322 31872.5 89697.5 477.5 167867.5
 7094.9475  10311355 25587.5 72045 397.5 134352.5
 7096.1427  12890518 32085 90385 517.5 168377.5
 7097.2742  12889930 32085 90437.5 532.5 168375
 7098.4488  12889978 32147.5 90655 562.5 168282.5
 7099.6025  12890390 32140 90690 582.5 168162.5
 7100.7993  12890045 32187.5 90867.5 620 168205
 7101.9752  12890422 32292.5 91215 662.5 168230
 7103.2156  12889775 32175 90912.5 705 166822.5
 7104.4137  12890650 32310 91335 772.5 165917.5
 7105.6336  12889910 32297.5 91317.5 872.5 163192.5
 7106.8967  12890425 32405 91605 1070 153957.5
 7108.1604  15469850 38862.5 109595 2132.5 162185
 7109.4031  12888382 32440 90902.5 3325 124977.5
 7110.6033  12890992 32572.5 91355 3230 120230
 7111.8255  12889450 32600 91662.5 2860 118207.5
 7113.0695  12890478 32557.5 91480 3175 116465
 7114.3354  12889822 32722.5 91577.5 4300 112012.5
 7115.6018  12890495 32627.5 90430 6632.5 106137.5
 7116.8257  12890002 32695 89082.5 10525 100692.5
 7118.0286  15469142 39387.5 105060 18297.5 116340
 7119.2963  12889722 32762.5 85470 20047.5 94735
 7120.5216  12891148 32822.5 83500 25372.5 93387.5
 7121.8118  12889085 32742.5 81420 29917.5 92140
 7123.0379  12891502 32815 80162.5 33597.5 91235
 7124.286   12888970 32905 78617.5 38140 90312.5
 7125.5131  12890545 32737.5 76167.5 42992.5 88975
 7126.7405  15467515 39400 90280 55050 106005
 7128.0331  12890768 32812.5 75465 45230 88342.5
 7129.2615  12889730 32892.5 76617.5 43162.5 89267.5
 7130.5334  12891000 32920 77847.5 40610 90030
 7131.7411  12889478 33157.5 79192.5 39167.5 90810
 7132.9708  12890912 32960 79155 38062.5 90665
 7134.2441  12889390 32995 79557.5 37477.5 90312.5
 7135.5179  15468540 39530 95820 43907.5 108055
 7136.749   12890342 33200 80935 35900 89830
 7138.0021  12890180 33180 81145 35420 89662.5
 7139.2124  12890318 33167.5 81155 35505 89597.5
 7140.4448  12890302 33252.5 81312.5 35867.5 89750
 7141.7209  12889880 33150 81080 35850 89470
 7143.0192  12890440 33257.5 81562.5 35545 89072.5
 7144.2529  12890110 33185 81895 34402.5 88515
 7145.4655  15468030 39927.5 99342.5 39647.5 105772.5
 7146.7218  12889940 33337.5 83517.5 31882.5 87757.5
 7147.9785  12890552 33450 84172.5 31307.5 87700
 7149.2574  12889822 33240 83917.5 30607.5 87535
 7150.5151  12890615 33502.5 84812.5 30417.5 87447.5
 7151.7516  12889872 33465 84965 29907.5 87232.5
 7152.9885  12890672 33430 85125 29440 86967.5
 7154.2259  15467930 40032.5 102212.5 34797.5 104105
 7155.5071  12890185 33562.5 85842.5 28942.5 86725
 7156.7888  12890235 33517.5 85795 28930 86355
 7158.0493  12889975 33322.5 85325 28872.5 85792.5
 7159.2884  12890572 33295 85232.5 29067.5 85870
 7160.5063  12889985 33272.5 85150 29330 85595
 7161.7899  15468218 40042.5 102412.5 35645 102495
 7163.0522  12890498 33407.5 85330 30177.5 85245
 7164.3585  12890100 33385 85122.5 30595 85072.5
 7165.5782  12890270 33430 85072.5 31190 84897.5
 7166.82    12890000 33357.5 84715 31710 84620
 7168.0842  12890418 33310 84415 32275 84565
 7169.3488  12890252 33322.5 84280 32890 84357.5
 7170.6357  15471682 40075 101150 40190 101412.5
 7171.8794  12886655 33402.5 84185 33980 84517.5
 7173.1236  12889985 33340 83915 34327.5 84337.5
 7174.3682  12890442 33350 83827.5 34840 84222.5
 7175.6569  12890048 33352.5 83695 35352.5 84135
 7176.9462  12890332 33327.5 83515 35770 83745
 7178.1922  12889980 33475 83822.5 36222.5 83677.5
 7179.4386  12890265 33155 83022.5 36090 82730
 7180.6855  15468620 39740 99572.5 43277.5 98452.5
 7181.9766  12889925 33267.5 83447.5 36155 81795
 7183.2464  12890425 33367.5 83810 36172.5 81462.5
 7184.5165  12889915 33262.5 83650 35950 80820
 7185.7872  12890548 33300 83832.5 35862.5 80292.5
 7187.0364  12889945 33227.5 83790 35675 79500
 7188.286   12890455 33120 83657.5 35362.5 78870
 7189.58    15467980 39640 100305 42052.5 93695
 7190.8745  12889952 33112.5 83992.5 34837.5 77925
 7192.1474  12890520 33100 84127.5 34595 77685
 7193.377   12889860 33150 84430 34370 77437.5
 7194.6509  12890400 33255 84870 34202.5 77455
 7195.9473  12890188 33272.5 85085 33945 77330
 7197.2001  12890418 33250 85197.5 33680 77260
 7198.4755  15468122 39802.5 102207.5 39935 92505
 7199.7072  12889985 33040 85020 32920 76865
 7200.9835  12890320 33192.5 85557.5 32872.5 77082.5
 7202.2822  12890028 33125 85520 32640 77007.5
 7203.5594  12890565 33182.5 85767.5 32627.5 76550
 7204.8151  12889958 33067.5 85557.5 32487.5 76140
 7206.0932  12890470 33080 85645 32502.5 75440
 7207.3498  15468202 39732.5 102930 39132.5 89535
 7208.6729  12890058 33190 86022.5 32765 73685
 7209.9525  12890360 33137.5 85895 32837.5 72577.5
 7211.2105  12889978 33035 85640 32890 71535
 7212.4909  12890590 32830 85112.5 32857.5 70352.5
 7213.7277  12889922 32915 85312.5 33077.5 69620
 7215.0534  12890360 32995 85505 33382.5 69272.5
 7216.3353  15468168 39532.5 102417.5 40227.5 82250
 7217.5956  12890040 32940 85320 33740 68232.5
 7218.8342  12890348 32950 85320 33965 67987.5
 7220.1396  12890118 32767.5 84850 33922.5 67480
 7221.4455  12890205 32517.5 84222.5 33815 67115
 7222.7077  12890110 32697.5 84720 34070 67500
 7223.9481  12890320 32827.5 85110 34255 67890
 7225.2333  12890125 32722.5 84907.5 34135 67855
 7226.5412  15468530 39250 101942.5 40877.5 81732.5
 7227.8495  12891652 32837.5 85397.5 34085 68440
 7229.114   12888652 32972.5 85865 34110 68655
 7230.3789  12890778 32930 85890 33930 68790
 7231.6665  12889410 32967.5 86110 33812.5 68650
 7232.9546  12890728 32730 85627.5 33385 68542.5
 7234.2876  12889842 32842.5 86062.5 33260 68430
 7235.5321  15468668 39172.5 102882.5 39342.5 81355
 7236.8216  12890002 32437.5 85360 32322.5 67217.5
 7238.0671  12890718 32750 86352.5 32365 67152.5
 7239.4021  12889465 32610 86142.5 32022.5 66265
 7240.693   12891190 32220 85260 31435 65002.5
 7241.9622  12889218 32247.5 85442.5 31370 64972.5
 7243.2095  12891262 32145 85257.5 31207.5 64382.5
 7244.5018  15467902 38682.5 102665 37612.5 76795
 7245.8393  12890258 32280 85702.5 31500 63770
 7247.1326  12889290 32482.5 86257.5 31870 63672.5
 7248.3818  12890798 32592.5 86547.5 32077.5 63697.5
 7249.6537  12890652 32545 86400 32280 63522.5
 7250.9708  12889960 32605 86522.5 32542.5 63167.5
 7252.2883  12889410 32325 85745 32517.5 62830
 7253.5841  15468422 38792.5 102840 39375 75075
 7254.8356  12890352 32282.5 85535 33010 62137.5
 7256.1322  12890065 32197.5 85280 33167.5 61527.5
 7257.4741  12890275 32565 86232.5 33752.5 61505
 7258.7494  12890310 32235 85342.5 33615 60527.5
 7260.0251  12890178 30237.5 80055 31622.5 56515
 7261.3013  12890402 30360 80337.5 32100 57340
 7262.6004  15467800 38907.5 102992.5 41185 71975
 7263.9224  12890255 32852.5 87015 34890 59955
 7265.2224  12890028 32845 87032.5 34927.5 59667.5
 7266.4781  12890498 32462.5 86070 34555 58940
 7267.7791  12890010 32372.5 85880 34507.5 58365
 7269.0582  12890272 32460 86160 34592.5 58137.5
 7270.405   12890030 32502.5 86330 34622.5 57697.5
 7271.7075  12890412 32570 107112.5 41800 71707.5
 7272.988   15468412 39140 83595 34605 54302.5
 7274.2689  12889930 32480 86500 34630 56685
 7275.5503  12890735 32312.5 86122.5 34375 56235
 7276.9222  12889645 32327.5 86250 34375 55910
 7278.2046  12890798 32387.5 86492.5 34367.5 55610
 7279.51    12889585 32355 86507.5 34242.5 55120
 7280.7708  12890412 32020 85715 33802.5 54407.5
 7282.0771  15468242 38922.5 104365 40962.5 65740
 7283.3839  12889878 32175 86402.5 33677.5 54210
 7284.7138  12890480 31860 85692.5 33207.5 53605
 7285.999   12889940 32150 86600 33365 53832.5
 7287.2847  12890602 32322.5 87177.5 33387.5 53912.5
 7288.5709  12889788 32182.5 86910 33112.5 53837.5
 7289.8802  12890612 32125 86865 32970 53792.5
 7291.2125  15468018 38697.5 104760 39587.5 64840
 7292.5453  12890035 32222.5 87337.5 32925 54055
 7293.8334  12890520 32335 87717.5 32962.5 54315
 7295.0994  12889825 32427.5 88042.5 33050 54490
 7296.4337  12890498 32437.5 88152.5 33025 54377.5
 7297.7685  12890062 32407.5 88140 32957.5 54417.5
 7299.0812  12890448 32515 88517.5 33007.5 54577.5
 7300.3717  15468445 38150 103957.5 38700 64317.5
 7301.6401  12890060 31877.5 86952.5 32320 54000
 7302.9769  12890158 32135 87745 32495 54077.5
 7304.2688  12890045 32412.5 88580 32800 54140
 7305.6293  12890340 32310 88385 32637.5 54050
 7306.9222  12890130 32212.5 88170 32610 53695
 7308.2383  12890388 32367.5 88642.5 32732.5 53555
 7309.5322  15467965 38770 106230 39347.5 64227.5
 7310.8266  12890202 32092.5 87972.5 32657.5 53117.5
 7312.1896  12890210 32180 88225 32837.5 53117.5
 7313.5077  12890085 32102.5 88040 32835 52915
 7314.8035  12890392 31827.5 87290 32690 52332.5
 7316.0998  12889965 31867.5 87422.5 32832.5 52170
 7317.3966  12890312 31780 87197.5 32837.5 51812.5
 7318.7167  15468722 37807.5 103760 39242.5 61450
 7320.06    12889848 30977.5 85027.5 32280 50682.5
 7321.4038  12890530 31657.5 86920 33070 51265
 7322.7025  12889865 32010 87915 33540 51622.5
 7324.0017  12890588 32150 88330 33730 51945
 7325.2786  12889765 32150 88385 33845 52005
 7326.6472  12890578 32112.5 88350 33777.5 51995
 7327.9479  12889768 32012.5 88135 33730 51750
 7329.2948  15468100 38547.5 106242.5 40542.5 62410
 7330.5964  12890530 32177.5 88765 33870 52062.5
 7331.9214  12890045 32385 89420 33992.5 52130
 7333.224   12890398 32150 88862.5 33695 51915
 7334.5271  12889950 31992.5 88505 33520 51722.5
 7335.8993  12890378 32080 88827.5 33540 51602.5
 7337.2034  12889978 32367.5 89710 33807.5 51867.5
 7338.5309  15468735 38932.5 108027.5 40565 61895
 7339.8131  12889960 32355 89870 33670 51415
 7341.1644  12889950 32112.5 89292.5 33347.5 50977.5
 7342.4705  12890510 31940 88907.5 33105 50650
 7343.8228  12889955 32322.5 90057.5 33417.5 50732.5
 7345.1528  12890428 32665 91092.5 33742.5 50770
 7346.5062  12890072 32705 91292.5 33742.5 50562.5
 7347.7913  15468288 39155 109400 40360 60290
 7349.0998  12891460 32612.5 91207.5 33585 50110
 7350.4317  12889022 32330 90472.5 33305 49802.5
 7351.7642  12891452 32212.5 90210 33185 49490
 7353.1201  12888910 31830 89212.5 32775 48962.5
 7354.4536  12890800 31517.5 88385 32497.5 48687.5
 7355.7875  12889552 32052.5 89945 33030 48887.5
 7357.099   15468715 38585 108380 39757.5 58635
 7358.4109  12890782 32247.5 90622.5 33287.5 48857.5
 7359.7233  12889608 32465 91295 33520 48985
 7361.0823  12889690 32300 90885 33385 48847.5
 7362.4418  12891018 32557.5 91650 33700 48942.5
 7363.7558  12889542 32302.5 90975 33487.5 48790
 7365.1163  12891245 32602.5 91862.5 33840 48985
 7366.4081  15467085 39075 110157.5 40622.5 58857.5
 7367.7235  12890588 32100 90545 33415 48925
 7369.0625  12889788 32195 90872.5 33570 49035
 7370.4251  12890775 32305 91240 33665 49220
 7371.7651  12889662 32172.5 90937.5 33585 49415
 7373.1056  12890892 32177.5 91017.5 33592.5 49687.5
 7374.4466  12889565 32220 91205 33622.5 49932.5
 7375.7881  12890930 32242.5 91352.5 33657.5 50302.5
 7377.0838  15467568 38982.5 110525 40640 61055
 7378.4263  12889998 31997.5 90805 33365 50840
 7379.7693  12890328 31920 90645 33302.5 50925
 7381.1128  12890185 31967.5 90827.5 33347.5 50985
 7382.4801  12890388 31952.5 90865 33342.5 51017.5
 7383.755   12890332 32035 91150 33460 51202.5
 7385.1001  12890055 32450 92372.5 33915 51485
 7386.4224  15468272 38842.5 110675 40612.5 61535
 7387.7684  12889972 31950 91077.5 33452.5 50842.5
 7389.0918  12890370 32062.5 91435 33592.5 50930
 7390.4156  12890070 32495 92725 34077.5 51282.5
 7391.8096  12890515 32650 93227.5 34247.5 51370
 7393.1577  12889838 32877.5 93932.5 34510 51390
 7394.5063  12890442 32875 93997.5 34530 51397.5
 7395.8321  12890000 32767.5 93767.5 34437.5 51265
 7397.1585  15468402 39707.5 113702.5 41732.5 61830
 7398.4853  12890288 33162.5 95037.5 34827.5 51672.5
 7399.8359  12890058 33140 95055 34812.5 51570
 7401.2336  12890425 32917.5 94490 34585 51475
 7402.5853  12890010 33092.5 95057.5 34717.5 51520
 7403.9141  12891008 33025 94950 34625 51460
 7405.2435  12889385 32877.5 94597.5 34427.5 51510
 7406.5966  15468142 39160 112770 41010 61035
 7407.927   12890445 32157.5 92670 33722.5 50462.5
 7409.2812  12889970 32945 95022.5 34492.5 51397.5
 7410.6592  12890432 32777.5 94612.5 34310 51260
 7412.0378  12889958 32535 93992.5 33995 51142.5
 7413.3702  12890268 32712.5 94562.5 34177.5 51235
 7414.6797  12890168 32335 93560 33802.5 50875
 7416.0364  15468255 38537.5 111597.5 40267.5 61077.5
 7417.3937  12890550 31920 92510 33340 50845
 7418.7515  12889858 31707.5 91955 33072.5 50812.5
 7420.1098  12890572 31527.5 91495 32935 50630
 7421.4921  12889890 31852.5 92507.5 33285 51045
 7422.828   12890675 32732.5 95125 34137.5 51775
 7424.1409  12889688 32890 95655 34302.5 51990
 7425.5013  15468150 40270 117212.5 42012.5 62990
 7426.9091  12890452 33450 97450 34837.5 52477.5
 7428.294   12889880 32697.5 95330 34080 51822.5
 7429.6089  12890342 32037.5 93462.5 33490 51325
 7430.9714  12890295 32082.5 93667.5 33395 51392.5
 7432.3108  12890368 32057.5 93670 33447.5 51350
 7433.6508  12889762 32535 95112.5 33962.5 51695
 7435.0383  15468165 38972.5 114037.5 40620 61930
 7436.4263  12890550 32282.5 94517.5 33732.5 51435
 7437.8149  12890128 32972.5 96587.5 34422.5 51847.5
 7439.1098  12890280 33017.5 96790 34515 51832.5
 7440.4759  12890108 32287.5 94692.5 33805 51175
 7441.8424  12890445 32350 94930 33885 51195
 7443.2095  12890895 32130 94340 33697.5 50952.5
 7444.6243  12889370 32007.5 94042.5 33585 50800
 7445.9453  15468372 38660 113652.5 40632.5 60802.5
 7447.3139  12890050 32825 96540 34582.5 51280
 7448.6359  12890385 33452.5 98450 35267.5 52082.5
 7450.0056  12890120 33417.5 98405 35182.5 52037.5
 7451.4467  12890805 32827.5 96737.5 34602.5 51457.5
 7452.7702  12889518 32470 95747.5 34265 51177.5
 7454.1415  12890465 32115 94757.5 33895 50820
 7455.4659  15468040 39115 115510 41275 61592.5
 7456.8382  12890132 32835 97037.5 34612.5 51572.5
 7458.2111  12890210 31945 94477.5 33627.5 50457.5
 7459.6081  12890040 31927.5 94502.5 33665 50830
 7460.982   12890315 32050 94942.5 33785 51027.5
 7462.3327  12891070 32010 94902.5 33685 51077.5
 7463.6839  15468922 39375 116817.5 41370 62320
 7465.0593  12889012 32862.5 97580 34525 52120
 7466.459   12890405 32795 97455 34427.5 52180
 7467.8593  12890108 32232.5 95867.5 33855 51750
 7469.1888  12889682 32195 95807.5 33802.5 51872.5
 7470.5188  12890760 32497.5 96785 34130 52417.5
 7471.9444  12889782 32172.5 95877.5 33820 52002.5
 7473.2993  12890572 32625 97270 34312.5 52542.5
 7474.7259  15468620 38932.5 116177.5 40907.5 62995
 7476.0818  12889282 32657.5 97517.5 34332.5 52655
 7477.4382  12891532 32670 97620 34370 52770
 7478.7951  12889005 32620 97527.5 34312.5 52790
 7480.2001  12891470 32565 97430 34265 52835
 7481.5819  12888792 31765 95105 33435 52252.5
 7482.9642  12890905 31230 93570 32917.5 51835
 7484.3232  15467740 37785 113282.5 39792.5 62540
 7485.6588  12890675 31570 94727.5 33230 52220
 7487.0665  12889668 31527.5 94667.5 33192.5 52347.5
 7488.4987  12890690 31567.5 94852.5 33252.5 52362.5
 7489.8598  12889842 31650 95170 33375 52477.5
 7491.1974  12890848 31617.5 95125 33290 52552.5
 7492.5595  12889480 31352.5 94405 33047.5 52170
 7493.9699  15478352 37590 113245 39662.5 62780
 7495.3809  12880115 31515 95012.5 33272.5 52397.5
 7496.7446  12890535 31897.5 96225 33677.5 52837.5
 7498.1087  12889820 31765 95900 33562.5 52765
 7499.4974  12890900 31182.5 94207.5 32935 52120
 7500.8866  12889535 30860 93282.5 32612.5 51807.5
 7502.3242  12890698 30277.5 91582.5 32047.5 51220
 7503.6905  12889792 30000 90792.5 31740 51025
 7505.0813  15468022 36635 110955 38810 61752.5
 7506.4246  12890465 31222.5 94630 33067.5 52087.5
 7507.8404  12889925 31680 96075 33535 52525
 7509.2328  12890335 31552.5 95757.5 33387.5 52465
 7510.6257  12890195 31817.5 96617.5 33680 52530
 7511.9951  12890292 32292.5 98130 34192.5 53045
 7513.3651  12890265 32262.5 98107.5 34107.5 53032.5
 7514.7596  15468038 38670 117680 40957.5 63492.5
 7516.1546  12890618 31610 96272.5 33467.5 52312.5
 7517.5502  12889840 31017.5 94510 32902.5 51747.5
 7518.9223  12890535 31525 96120 33425 52350
 7520.3189  12889862 31365 95692.5 33250 52085
 7521.7161  12890630 30922.5 94407.5 32812.5 51610
 7523.1379  12889722 30612.5 93525 32517.5 51262.5
 7524.5362  15468185 36810 112537.5 39127.5 61555
 7525.9109  12890405 30842.5 94350 32747.5 51417.5
 7527.2861  12889945 30752.5 94157.5 32655 51302.5
 7528.6618  12890410 30862.5 94560 32752.5 51425
 7530.1105  12890070 30410 93227.5 32312.5 51012.5
 7531.5115  12890520 30712.5 94210 32645 51260
 7532.9372  12889900 30597.5 93922.5 32535 51180
 7534.2667  15468160 36790 113020 39065 61385
 7535.6692  12890630 30700 94375 32662.5 51205
 7537.1207  12889820 30607.5 94160 32550 51130
 7538.5002  12890355 30140 92780 32087.5 50640
 7539.9044  12890055 30270 93237.5 32202.5 50792.5
 7541.2365  12890350 30675 94550 32670 51237.5
 7542.5933  12890025 30520 94155 32445 51055
 7543.8536  12890468 29820 92055 31717.5 50372.5
 7545.1871  10312340 24195 74727.5 25742.5 40787.5
 7546.4969  12890392 30417.5 94015 32340 51012.5
 7547.8314  12889738 30460 94207.5 32380 51125
 7549.1663  12890628 30777.5 95252.5 32685 51297.5
 7550.5018  12889915 30580 94707.5 32512.5 51160
 7551.8135  12890432 30297.5 93905 32167.5 50765
 7553.1499  12890080 30142.5 93492.5 31980 50660
 7554.4625  10312108 23640 73365 25150 40072.5
 7555.7756  12890152 29890 92797.5 31807.5 50345
 7557.1135  12890490 30272.5 94060 32177.5 50697.5
 7558.4276  12889698 29590 92005 31450 49950
 7559.7908  12890588 29807.5 92727.5 31760 50212.5
 7561.1058  12889975 30485 94900 32435 50927.5
 7562.4456  12890695 30787.5 95905 32767.5 51170
 7563.8347  12890122 30987.5 96592.5 33025 51470
 7565.2487  12890175 30722.5 95825 32702.5 51207.5
 7566.6877  12890002 30617.5 95562.5 32642.5 51210
 7568.1028  12890278 30482.5 95195 32492.5 51037.5
 7569.5184  12889915 30450 95170 32467.5 51040
 7570.9102  15468045 36147.5 113067.5 38565 61000
 7572.3026  12890368 29597.5 92632.5 31625 50277.5
 7573.7198  12890040 29327.5 91842.5 31335 50195
 7575.1621  12890590 30210 94670 32272.5 51077.5
 7576.5805  12889755 30090 94372.5 32155 51092.5
 7577.975   12890502 30347.5 95225 32422.5 51215
 7579.37    15469635 37097.5 116477.5 39665 62280
 7580.7901  12888590 31212.5 98075 33347.5 52195
 7582.2106  12891170 31017.5 97527.5 33185 52005
 7583.5828  12889188 30870 97142.5 33032.5 51932.5
 7584.9554  12890502 30325 95475 32460 51485
 7586.3776  12890058 30690 96682.5 32885 51837.5
 7587.7758  12890365 30652.5 96627.5 32832.5 51722.5
 7589.1991  12889928 30845 97295 33077.5 51782.5
 7590.5739  12890405 30312.5 95682.5 32502.5 50170
 7592.0228  12890052 27832.5 87945 29740 45555
 7593.4724  12890372 29677.5 93755 31970 51067.5
 7594.8979  15468402 35637.5 112702.5 38265 61185
 7596.2993  12891350 29665 93870 31872.5 50752.5
 7597.7014  12889468 29242.5 92587.5 31452.5 50487.5
 7599.1039  12890128 29650 93925 31905 50877.5
 7600.5562  12889815 29567.5 93737.5 31812.5 50802.5
 7602.0091  12890118 29802.5 94535 32082.5 51037.5
 7603.4134  12890425 29472.5 93560 31757.5 50660
 7604.8181  15468605 36300 115297.5 39135 61687.5
 7606.248   12889390 30127.5 95767.5 32500 51270
 7607.6785  12891110 30147.5 95885 32477.5 51327.5
 7609.1342  12889445 29942.5 95307.5 32255 51020
 7610.5659  12891390 29697.5 94577.5 32035 50947.5
 7611.998   12889032 29492.5 93990 31790 50667.5
 7613.3814  12891570 29152.5 92960 31442.5 50337.5
 7614.7899  15467240 34435 109880 37175 59755
 7616.2485  12890255 29280 93477.5 31650 50280
 7617.7076  12890068 29747.5 95037.5 32125 50815
 7619.1673  12890442 29382.5 93950 31677.5 50350
 7620.5286  12889978 29122.5 93182.5 31422.5 50087.5
 7621.9646  12890378 29305 93827.5 31632.5 50152.5
 7623.3765  12890108 29527.5 94595 31867.5 50432.5
 7624.8632  12890565 29785 95482.5 32147.5 50682.5
 7626.301   15467372 35485 113852.5 38325 60452.5
 7627.7145  12890488 29380 94330 31707.5 50252.5
 7629.1286  12889920 29560 94970 31915 50352.5
 7630.5432  12890745 29527.5 94937.5 31892.5 50412.5
 7632.008   12889620 29747.5 95697.5 32122.5 50542.5
 7633.4485  12890785 30035 96687.5 32447.5 50897.5
 7634.8896  12889618 30482.5 98195 32945 51260
 7636.3064  15468400 36872.5 118870 39812.5 61915
 7637.7487  12890395 30410 98107.5 32840 51255
 7639.1666  12890038 30797.5 99415 33317.5 51617.5
 7640.6348  12890258 31027.5 100227.5 33495 51862.5
 7642.0788  12890122 29937.5 96792.5 32327.5 50867.5
 7643.5233  12890325 29362.5 94975 31727.5 50465
 7644.9185  12890052 29482.5 95427.5 31885 50437.5
 7646.3641  15468480 36127.5 117032.5 39092.5 61285
 7647.8102  12890795 29910 96952.5 32327.5 50817.5
 7649.2819  12889835 29397.5 95360 31807.5 50402.5
 7650.7542  12890122 28962.5 94002.5 31390 50047.5
 7652.1522  12889972 28762.5 93425 31115 49822.5
 7653.5756  12890330 29160 94760 31627.5 50290
 7655.0496  12890038 28932.5 94105 31362.5 50045
 7656.4992  15468098 35352.5 115047.5 38377.5 60597.5
 7657.9743  12890370 29962.5 97572.5 32505 50925
 7659.375   12890052 30062.5 97962.5 32600 50960
 7660.8013  12890262 30492.5 99432.5 33087.5 51345
 7662.2531  12890045 30477.5 99437.5 33080 51400
 7663.7306  12890472 30627.5 99980 33230 51490
 7665.1835  12890108 30222.5 98730 32807.5 51192.5
 7666.612   12890255 30452.5 99527.5 33077.5 51422.5
 7668.016   15468575 36555 119572.5 39730 61672.5
 7669.4957  12889892 30350 99342.5 33012.5 51260
 7670.9761  12890725 30350 99392.5 33015 51232.5
 7672.457   12889752 30240 99097.5 32907.5 51205
 7673.8632  12890472 30160 98887.5 32837.5 51100
 7675.2699  12889920 29600 97117.5 32235 50737.5
 7676.7777  12890372 29407.5 96532.5 32050 50470
 7678.2107  15467950 35947.5 118102.5 39195 61207.5
 7679.7197  12890112 29927.5 98377.5 32640 51052.5
 7681.1286  12890502 29965 98562.5 32655 50985
 7682.5632  12889850 29117.5 95837.5 31787.5 49972.5
 7684.0236  12890460 28942.5 95312.5 31622.5 50327.5
 7685.5098  12889982 29107.5 95907.5 31845 50535
 7686.9713  12890460 29135 96057.5 31845 50472.5
 7688.4335  15468202 34575 114080 37825 60400
 7689.8457  12891100 29632.5 97835 32415 51057.5
 7691.2837  12889345 28822.5 95230 31500 50310
 7692.7728  12889852 28450 94035 31170 50080
 7694.2625  12890522 28570 94497.5 31282.5 50015
 7695.7022  12890165 28147.5 93150 30830 49765
 7697.1172  12890460 28942.5 95850 31715 50690
 7698.5834  15468222 35365 117205 38760 61700
 7700.1006  12889972 29255 97017.5 32105 51290
 7701.5932  12890222 29792.5 98852.5 32670 51737.5
 7703.0105  12890722 29885 99222.5 32745 51912.5
 7704.4283  12889775 29412.5 97720 32275 51492.5
 7705.948   12890045 28842.5 95885 31565 50952.5
 7707.4176  12890422 27705 92165 30417.5 49725
 7708.9131  15468045 33110 110222.5 36387.5 58905
 7710.3332  12890100 28820 96025 31632.5 51287.5
 7711.7792  12890308 29000 96680 31835 51410
 7713.2511  12890020 29215 97472.5 32087.5 51762.5
 7714.749   12890408 29125 97222.5 31957.5 51595
 7716.1966  12890332 29452.5 98372.5 32372.5 51990
 7717.6703  12890185 29280 97855 32167.5 52012.5
 7719.1191  12890022 28762.5 96190 31615 51760
 7720.5939  15468272 34527.5 115557.5 37980 62052.5
 7722.0693  12890412 28887.5 96735 31765 51882.5
 7723.5708  12889905 28110 94225 30855 50827.5
 7724.9964  12890632 27990 93857.5 30790 51062.5
 7726.4736  12889842 28007.5 93980 30807.5 51415
 7727.9768  12890405 27557.5 92527.5 30342.5 50980
 7729.4806  12890015 28142.5 94555 30980 51652.5
 7730.934   15469282 33987.5 114267.5 37450 62215
 7732.3625  12889300 28992.5 97552.5 31912.5 52435
 7733.8425  12891338 29272.5 98555 32212.5 52715
 7735.3742  12889130 28960 97562.5 31927.5 52455
 7736.8299  12890258 29497.5 99422.5 32492.5 52992.5
 7738.2862  12890000 29812.5 100542.5 32845 53287.5
 7739.7431  12890032 29882.5 100827.5 32917.5 53530
 7741.226   15468265 35405 119527.5 38947.5 63802.5
 7742.7352  12891070 29227.5 98755 32265 53010
 7744.2194  12889425 29277.5 98990 32242.5 53145
 7745.6529  12891118 29482.5 99737.5 32570 53340
 7747.1639  12889238 30567.5 103482.5 33712.5 54365
 7748.6242  12891428 29935 101415 33030 53900
 7750.1619  12888858 30160 102252.5 33222.5 53922.5
 7751.6234  15468772 35160 119265 38790 64190
 7753.1111  12890075 29220 99177.5 32302.5 53380
 7754.5737  12890360 28997.5 98485 32040 53182.5
 7756.0626  12890158 29157.5 99087.5 32217.5 52822.5
 7757.5521  12890552 29302.5 99632.5 32422.5 53532.5
 7759.0421  12889725 29775 101307.5 32900 53992.5
 7760.5328  12890642 29467.5 100327.5 32587.5 53612.5
 7761.9726  15467490 35675 121542.5 39470 64540
 7763.4644  12890400 29102.5 99225 32220 53307.5
 7764.9825  12889982 29145 99410 32250 53492.5
 7766.4756  12890580 29250 99842.5 32435 53532.5
 7767.9434  12890470 29587.5 101055 32760 53887.5
 7769.4376  12889972 28810 98465 31935 53167.5
 7770.9066  12889762 28795 98462.5 31937.5 53125
 7772.402   15468515 34737.5 118865 38527.5 64102.5
 7773.9237  12890462 28847.5 98767.5 32040 53287.5
 7775.4203  12889848 28152.5 96462.5 31235 52692.5
 7776.8917  12890710 28262.5 96877.5 31435 52755
 7778.3378  12889742 28792.5 98770 31972.5 53235
 7779.8619  12890472 28172.5 96702.5 31307.5 52717.5
 7781.4126  12889928 28060 96357.5 31210 52477.5
 7782.8863  12890655 28442.5 97745 31627.5 52897.5
 7784.2829  12889882 28847.5 99187.5 32100 53192.5
 7785.706   12890320 29217.5 100520 32515 53340
 7787.1296  12890572 28820 99190 32082.5 53040
 7788.5278  12890008 28242.5 97260 31445 52402.5
 7789.9525  12890305 28372.5 97755 31592.5 52322.5
 7791.3777  12890000 28330 97677.5 31580 52572.5
 7792.7516  10311718 22445 77440 25000 41872.5
 7794.2038  12890300 27747.5 95782.5 30930 51882.5
 7795.5787  12890222 27905 96397.5 31120 52095
 7797.032   12890312 27460 94922.5 30665 51837.5
 7798.408   12890140 27732.5 95917.5 30960 51922.5
 7799.8624  12890038 27552.5 95340 30735 51762.5
 7801.2653  12892052 28067.5 97200 31352.5 52110
 7802.6948  10310972 22197.5 76917.5 24795 41427.5
 7804.0729  12889778 27462.5 95222.5 30687.5 51590
 7805.5294  12890278 26650 92472.5 29812.5 50807.5
 7806.9345  12890055 26787.5 92995 29945 50932.5
 7808.3401  12890322 27147.5 94292.5 30382.5 51177.5
 7809.7723  12890142 27240 94680 30467.5 51180
 7811.205   10311888 21795 75795 24362.5 40945
 7812.6383  12890548 26850 93427.5 30027.5 50847.5
 7814.02    12890055 26892.5 93632.5 30125 50835
 7815.4804  12890218 27550 95970 30877.5 51372.5
 7816.9935  12890020 27760 96750 31075 51402.5
 7818.4812  12890650 28000 97660 31312.5 51350
 7819.9695  15468520 33242.5 116017.5 37245 61355
 7821.4583  12889552 27640 96530 30942.5 51150
 7823.0262  12890458 27962.5 97707.5 31347.5 51417.5
 7824.5423  12890042 27920 97627.5 31300 51262.5
 7826.0591  12890462 27425 95960 30712.5 50862.5
 7827.5242  12889955 27042.5 94677.5 30340 50665
 7829.0684  12890560 26822.5 93960 30107.5 50532.5
 7830.5346  15468050 31902.5 111852.5 35762.5 60210
 7832.08    12889960 26220 91985 29402.5 49685
 7833.6523  12890272 26377.5 92587.5 29632.5 49822.5
 7835.1465  12890010 26932.5 94605 30247.5 50192.5
 7836.6413  12890578 27065 95115 30405 50400
 7838.1105  12890282 26787.5 94202.5 30055 50187.5
 7839.659   12889932 26392.5 92865 29635 49720
 7841.1556  15468575 31847.5 112140 35772.5 59910
 7842.7316  12889715 26282.5 92607.5 29542.5 49597.5
 7844.2557  12890752 26015 91720 29242.5 49140
 7845.7542  12889825 26322.5 92850 29612.5 49372.5
 7847.2795  12890712 26487.5 93505 29782.5 49605
 7848.7528  12889680 26400 93235 29705 49467.5
 7850.3056  12890552 26692.5 94335 30032.5 49560
 7851.8064  15468100 32067.5 113415 36067.5 59462.5
 7853.3869  12889838 26240 92865 29535 49120
 7854.9153  12890332 25565 90520 28767.5 48547.5
 7856.4179  12890168 25632.5 90815 28880 48357.5
 7857.9211  12890320 25802.5 91467.5 29097.5 48650
 7859.3986  12890055 25297.5 89742.5 28512.5 48300
 7860.9558  12890432 24975 88652.5 28155 47895
 7862.4872  15470810 30337.5 107765 34220 57712.5
 7864.0457  12888242 25050 89027.5 28292.5 47830
 7865.5784  12889472 24775 88120 27952.5 47672.5
 7867.1117  12889960 24790 88212.5 28005 47505
 7868.5927  12890558 24835 88425 28072.5 47590
 7870.0478  12889992 24577.5 87565 27765 47455
 7871.5829  12890585 24522.5 87407.5 27722.5 47345
 7873.0922  12889795 24737.5 88235 27990 47462.5
 7874.655   15468408 29532.5 105415 33407.5 56570
 7876.2184  12890300 24415 87195 27627.5 46950
 7877.756   12890110 24310 86880 27520 46852.5
 7879.2677  12890462 24575 87862.5 27807.5 46842.5
 7880.78    12889995 24620 88092.5 27865 46835
 7882.3194  12890402 24085 86230 27280 46400
 7883.8329  12889855 23725 84982.5 26905 46087.5
 7885.4002  12890325 23732.5 85060 26940 46017.5
 7886.968   15468258 28645 102742.5 32542.5 55095
 7888.51    12890102 23357.5 83840 26495 45537.5
 7890.0259  12890215 23157.5 83170 26277.5 45302.5
 7891.5159  12890480 23090 82985 26212.5 45152.5
 7893.0596  12889948 22847.5 82150 25952.5 44902.5
 7894.5774  12890118 22810 82080 25942.5 44712.5
 7896.1757  12890405 23122.5 83222.5 26300 44922.5
 7897.748   15468900 28020 100930 31832.5 53447.5
 7899.2676  12889382 22910 82570 26107.5 43477.5
 7900.7879  12890660 23310 84070 26497.5 44642.5
 7902.3087  12889792 23037.5 83135 26220 44277.5
 7903.8568  12890488 23175 83692.5 26445 44372.5
 7905.3789  12889948 23125 83547.5 26352.5 44167.5
 7906.9817  12890645 23515 85002.5 26807.5 44422.5
 7908.5317  15467855 27995 101272.5 31887.5 52905
 7910.0824  12891098 23075 83532.5 26300 43695
 7911.5802  12889295 22967.5 83187.5 26182.5 43537.5
 7913.1053  12891445 22717.5 82332.5 25935 43037.5
 7914.7114  12889228 22587.5 81927.5 25775 42977.5
 7916.2378  12890115 22392.5 81247.5 25562.5 42925
 7917.8451  12890048 22265 80842.5 25415 42505
 7919.3728  15468632 26080 94760 29802.5 50507.5
 7920.901   12889572 21547.5 78325 24617.5 41812.5
 7922.4298  12891135 21400 77845 24440 41520
 7923.9593  12889355 21737.5 79112.5 24857.5 41612.5
 7925.5431  12891010 21760 79242.5 24857.5 41520
 7927.1275  12889292 21367.5 77862.5 24437.5 41200
 7928.6857  12891628 21340 77797.5 24407.5 41202.5
 7930.1908  15467172 25170 91840 28812.5 48672.5
 7931.7502  12890342 21037.5 76815 24107.5 40370
 7933.2834  12890002 20672.5 75527.5 23692.5 39562.5
 7934.871   12890578 20440 74715 23430 39605
 7936.4593  12889918 20625 75432.5 23670 39717.5
 7937.9943  12890568 20210 73962.5 23152.5 39195
 7939.53    12889672 20345 74490 23332.5 39207.5
 7941.0393  15478118 23985 87885 27527.5 46765
 7942.6302  12880232 20080 73610 23055 38827.5
 7944.1947  12890452 20105 73750 23095 38822.5
 7945.7868  12890408 20025 73502.5 23005 38595
 7947.3256  12890028 20197.5 74170 23185 38412.5
 7948.892   12889838 20045 73667.5 23000 38220
 7950.405   12890702 19732.5 72560 22655 38102.5
 7951.9727  12889862 19795 72837.5 22767.5 37945
 7953.5951  15468235 23507.5 86552.5 27007.5 45122.5
 7955.1641  12890522 19170 70635 22072.5 37142.5
 7956.7066  12889925 18995 70025 21857.5 36895
 7958.2498  12890532 18967.5 69957.5 21812.5 36907.5
 7959.7936  12890078 18707.5 69042.5 21550 36665
 7961.3922  12890282 18760 69262.5 21625 36477.5
 7962.9914  12889980 18555 68570 21375 36322.5
 7964.5371  12890545 18495 68367.5 21297.5 36075
 7966.1106  15467955 21940 81182.5 25350 42812.5
 7967.6575  12889940 18502.5 68487.5 21342.5 35780
 7969.205   12890575 18350 67967.5 21142.5 35585
 7970.8347  12889772 18227.5 67560 21045 35357.5
 7972.4107  12890552 18055 66960 20820 35190
 7973.9874  12889762 17602.5 65325 20347.5 34842.5
 7975.5103  12890502 17702.5 65737.5 20435 34770
 7977.0882  15468340 21362.5 79372.5 24702.5 41557.5
 7978.7212  12889930 17860 66412.5 20657.5 34465
 7980.2732  12890478 17647.5 65657.5 20417.5 34187.5
 7981.8258  12889938 17500 65140 20242.5 34150
 7983.3518  12890480 17140 63837.5 19860 33622.5
 7984.9329  12890025 17167.5 63980 19870 33475
 7986.542   12890188 16915 63085 19590 33335
 7988.1244  15468425 20320 75827.5 23547.5 39727.5
 7989.7075  12890105 16995 63455 19682.5 33067.5
 7991.2639  12890390 17187.5 64200 19950 32987.5
 7992.8209  12890148 16917.5 63240 19622.5 32672.5
 7994.4333  12890215 16970 63472.5 19682.5 32607.5
 7996.0189  12890035 16667.5 62382.5 19342.5 32282.5
 7997.6052  12890412 16505 61807.5 19160 32240
 7999.1648  15468092 19710 73847.5 22867.5 38382.5
 8000.725   5329962.5 6805 25510 7900 13142.5
