NSLS_DAC V1.1 Datafile V1
"mngaas.351" created on 3/21/02 at 4:02 AM on X-11A
Ring energy= 2.58 GeV
E0= 6539.00
NUM_REGIONS= 3
SRB= -200 -20 30 15k
SRSS= 10 0.5 .07k
SPP= 2 2 2
Settling time= 0.50


Offsets=  4957.30 0.00 0.00 0.00 0.00 0.00 0.00 0.00 0.00
Gains=  7.00 1.00 1.00 1.00 1.00 1.00 1.00 1.00 1.00
Mn 5.2% in GaAs, sample 010118A from Aubrey, RT
13 element detector (8 functional)

--------------------------------------------------------------------------------
      Energy            I0            I4            I5            I6            I7            I8            I9           I10           I13
  6339.00647   185825.4000     1580.0000      280.0000     2670.0000     1048.0000     2191.0000     2377.0000      523.0000     3038.0000
  6349.00764   186365.4000     1366.0000      248.0000     2478.0000      996.0000     2017.0000     2281.0000      459.0000     3074.0000
  6358.99971   187085.4000     1341.0000      254.0000     2446.0000      921.0000     1920.0000     2135.0000      475.0000     2890.0000
  6369.00370   188380.4000     1210.0000      245.0000     2390.0000      858.0000     1760.0000     2033.0000      465.0000     2893.0000
  6378.99822   189714.4000     1159.0000      203.0000     2300.0000      845.0000     1649.0000     1921.0000      436.0000     2859.0000
  6389.00440   192018.4000     1063.0000      214.0000     2192.0000      784.0000     1494.0000     1827.0000      447.0000     2746.0000
  6399.00073   192399.4000     1014.0000      201.0000     2014.0000      717.0000     1385.0000     1647.0000      400.0000     2742.0000
  6409.00848   191151.4000      912.0000      196.0000     1928.0000      650.0000     1308.0000     1499.0000      372.0000     2581.0000
  6419.00599   190245.4000      824.0000      212.0000     1867.0000      598.0000     1172.0000     1438.0000      386.0000     2439.0000
  6428.99297   190140.4000      781.0000      179.0000     1707.0000      612.0000     1061.0000     1257.0000      350.0000     2512.0000
  6438.99095   189702.4000      712.0000      199.0000     1622.0000      518.0000     1017.0000     1240.0000      340.0000     2325.0000
  6448.99985   189454.4000      695.0000      159.0000     1484.0000      517.0000      961.0000     1144.0000      312.0000     2207.0000
  6458.99771   189208.4000      642.0000      143.0000     1375.0000      503.0000      909.0000     1045.0000      311.0000     2109.0000
  6469.00625   188916.4000      570.0000      166.0000     1369.0000      482.0000      772.0000      989.0000      308.0000     2063.0000
  6479.00334   188635.4000      504.0000      155.0000     1263.0000      383.0000      727.0000      843.0000      278.0000     2026.0000
  6489.01085   188595.4000      532.0000      159.0000     1149.0000      385.0000      671.0000      809.0000      262.0000     1871.0000
  6499.00651   188455.4000      484.0000      152.0000     1062.0000      345.0000      622.0000      755.0000      278.0000     1806.0000
  6508.99005   188509.4000      406.0000      151.0000     1000.0000      339.0000      581.0000      747.0000      290.0000     1709.0000
  6519.00588   188350.4000      426.0000      172.0000      920.0000      352.0000      560.0000      693.0000      314.0000     1586.0000
  6519.49747   188252.4000      390.0000      152.0000      946.0000      366.0000      546.0000      669.0000      281.0000     1663.0000
  6519.98913   188273.4000      426.0000      152.0000      973.0000      332.0000      563.0000      634.0000      275.0000     1609.0000
  6520.50322   188174.4000      407.0000      140.0000      957.0000      365.0000      553.0000      663.0000      263.0000     1580.0000
  6520.99505   188143.4000      454.0000      137.0000      932.0000      348.0000      552.0000      696.0000      270.0000     1580.0000
  6521.50931   188157.4000      389.0000      144.0000      958.0000      367.0000      529.0000      636.0000      257.0000     1585.0000
  6522.00129   188133.4000      429.0000      152.0000      928.0000      356.0000      550.0000      662.0000      276.0000     1525.0000
  6522.49335   188005.4000      383.0000      168.0000      945.0000      388.0000      515.0000      664.0000      274.0000     1607.0000
  6523.00786   187976.4000      402.0000      156.0000      926.0000      306.0000      527.0000      679.0000      258.0000     1620.0000
  6523.50008   187921.4000      380.0000      167.0000      865.0000      351.0000      499.0000      677.0000      262.0000     1534.0000
  6523.99238   187915.4000      415.0000      149.0000      945.0000      331.0000      511.0000      687.0000      279.0000     1628.0000
  6524.50714   187832.4000      398.0000      164.0000      897.0000      321.0000      522.0000      617.0000      295.0000     1629.0000
  6524.99960   187813.4000      393.0000      135.0000      882.0000      357.0000      550.0000      659.0000      274.0000     1554.0000
  6525.49213   187759.4000      386.0000      167.0000      911.0000      339.0000      522.0000      669.0000      282.0000     1516.0000
  6526.00714   187746.4000      394.0000      154.0000      892.0000      327.0000      540.0000      691.0000      275.0000     1546.0000
  6526.49984   187665.4000      368.0000      155.0000      909.0000      328.0000      500.0000      626.0000      246.0000     1545.0000
  6526.99261   187643.4000      397.0000      145.0000      842.0000      354.0000      517.0000      643.0000      261.0000     1582.0000
  6527.50786   187598.4000      368.0000      169.0000      936.0000      285.0000      510.0000      587.0000      269.0000     1529.0000
  6528.00080   187541.4000      404.0000      153.0000      854.0000      334.0000      508.0000      658.0000      271.0000     1549.0000
  6528.49381   187550.4000      397.0000      142.0000      894.0000      322.0000      523.0000      616.0000      253.0000     1593.0000
  6529.00932   187438.4000      414.0000      137.0000      871.0000      351.0000      471.0000      631.0000      281.0000     1527.0000
  6529.50249   187375.4000      379.0000      143.0000      854.0000      329.0000      525.0000      657.0000      290.0000     1546.0000
  6529.99574   187337.4000      404.0000      150.0000      903.0000      299.0000      497.0000      637.0000      255.0000     1505.0000
  6530.48907   187258.4000      373.0000      126.0000      878.0000      348.0000      492.0000      624.0000      262.0000     1507.0000
  6531.00490   187244.4000      384.0000      148.0000      877.0000      344.0000      538.0000      603.0000      285.0000     1598.0000
  6531.49839   187197.4000      340.0000      163.0000      868.0000      334.0000      526.0000      592.0000      284.0000     1491.0000
  6531.99196   187190.4000      374.0000      168.0000      868.0000      338.0000      565.0000      584.0000      291.0000     1475.0000
  6532.50804   187091.4000      407.0000      162.0000      844.0000      319.0000      512.0000      619.0000      311.0000     1610.0000
  6533.00177   187063.4000      363.0000      155.0000      903.0000      342.0000      557.0000      647.0000      285.0000     1546.0000
  6533.49558   187097.4000      413.0000      174.0000      893.0000      320.0000      559.0000      608.0000      246.0000     1549.0000
  6533.98946   187086.4000      380.0000      182.0000      838.0000      337.0000      516.0000      595.0000      268.0000     1448.0000
  6534.50588   187130.4000      377.0000      160.0000      837.0000      349.0000      513.0000      608.0000      283.0000     1436.0000
  6534.99992   187022.4000      441.0000      155.0000      883.0000      340.0000      524.0000      604.0000      270.0000     1538.0000
  6535.49405   187041.4000      398.0000      167.0000      819.0000      328.0000      505.0000      600.0000      270.0000     1463.0000
  6536.01071   187012.4000      388.0000      156.0000      853.0000      354.0000      530.0000      620.0000      303.0000     1554.0000
  6536.50500   186963.4000      378.0000      176.0000      849.0000      324.0000      517.0000      653.0000      298.0000     1532.0000
  6536.99936   186928.4000      386.0000      158.0000      873.0000      372.0000      582.0000      609.0000      275.0000     1457.0000
  6537.49380   186910.4000      411.0000      178.0000      821.0000      350.0000      503.0000      611.0000      296.0000     1485.0000
  6538.01080   186876.4000      392.0000      182.0000      840.0000      353.0000      579.0000      621.0000      328.0000     1535.0000
  6538.50540   186853.4000      413.0000      227.0000      876.0000      368.0000      583.0000      661.0000      316.0000     1507.0000
  6539.00008   186804.4000      475.0000      249.0000      907.0000      431.0000      665.0000      729.0000      384.0000     1521.0000
  6539.49484   186750.4000      463.0000      270.0000      971.0000      446.0000      626.0000      710.0000      447.0000     1547.0000
  6539.98968   186701.4000      476.0000      254.0000      975.0000      496.0000      677.0000      740.0000      441.0000     1554.0000
  6540.50709   186702.4000      449.0000      278.0000      975.0000      459.0000      645.0000      688.0000      452.0000     1600.0000
  6541.00209   186680.4000      531.0000      278.0000      995.0000      487.0000      663.0000      751.0000      451.0000     1599.0000
  6541.49717   186612.4000      517.0000      335.0000      991.0000      537.0000      694.0000      769.0000      530.0000     1560.0000
  6541.99232   186541.4000      594.0000      348.0000     1002.0000      642.0000      783.0000      797.0000      576.0000     1684.0000
  6542.51007   186498.4000      651.0000      420.0000     1173.0000      649.0000      807.0000      853.0000      660.0000     1766.0000
  6543.00539   186490.4000      702.0000      434.0000     1140.0000      682.0000      866.0000      928.0000      693.0000     1789.0000
  6543.50078   186380.4000      683.0000      478.0000     1306.0000      817.0000     1027.0000      919.0000      759.0000     1794.0000
  6543.99626   186430.4000      876.0000      559.0000     1384.0000      915.0000     1020.0000      992.0000      861.0000     1952.0000
  6544.49181   186419.4000      888.0000      627.0000     1430.0000     1003.0000     1117.0000     1120.0000      939.0000     1966.0000
  6545.00997   186402.4000      879.0000      706.0000     1522.0000     1013.0000     1144.0000     1191.0000     1064.0000     2074.0000
  6545.50569   186426.4000      945.0000      702.0000     1670.0000     1073.0000     1270.0000     1198.0000     1031.0000     2169.0000
  6546.00148   186360.4000     1027.0000      757.0000     1570.0000     1154.0000     1309.0000     1228.0000     1151.0000     2159.0000
  6546.49735   186339.4000     1082.0000      792.0000     1583.0000     1218.0000     1402.0000     1251.0000     1252.0000     2251.0000
  6546.99330   186329.4000     1104.0000      815.0000     1753.0000     1208.0000     1401.0000     1364.0000     1288.0000     2309.0000
  6547.48933   186274.4000     1071.0000      825.0000     1769.0000     1233.0000     1451.0000     1402.0000     1320.0000     2242.0000
  6548.00799   186257.4000     1173.0000      834.0000     1840.0000     1294.0000     1442.0000     1396.0000     1325.0000     2346.0000
  6548.50419   186209.4000     1161.0000      833.0000     1793.0000     1321.0000     1495.0000     1415.0000     1386.0000     2364.0000
  6549.00046   186173.4000     1119.0000      898.0000     1826.0000     1332.0000     1535.0000     1408.0000     1371.0000     2277.0000
  6549.49681   186109.4000     1157.0000      876.0000     1861.0000     1294.0000     1581.0000     1430.0000     1327.0000     2314.0000
  6549.99323   186137.4000     1199.0000      928.0000     1866.0000     1401.0000     1531.0000     1362.0000     1415.0000     2305.0000
  6550.48974   186087.4000     1211.0000      885.0000     1849.0000     1339.0000     1494.0000     1482.0000     1397.0000     2344.0000
  6551.00890   185983.4000     1213.0000      908.0000     1882.0000     1317.0000     1614.0000     1468.0000     1395.0000     2439.0000
  6551.50557   185933.4000     1279.0000      942.0000     1820.0000     1422.0000     1541.0000     1445.0000     1423.0000     2373.0000
  6552.00232   185895.4000     1260.0000      992.0000     1902.0000     1458.0000     1585.0000     1373.0000     1404.0000     2373.0000
  6552.49915   185844.4000     1251.0000      931.0000     1887.0000     1419.0000     1587.0000     1476.0000     1495.0000     2352.0000
  6552.99605   185886.4000     1275.0000      959.0000     1890.0000     1447.0000     1590.0000     1525.0000     1472.0000     2408.0000
  6553.49304   185810.4000     1245.0000      991.0000     2020.0000     1483.0000     1556.0000     1530.0000     1553.0000     2469.0000
  6553.99010   185770.4000     1344.0000      992.0000     1946.0000     1448.0000     1648.0000     1510.0000     1538.0000     2444.0000
  6554.50985   185741.4000     1280.0000      974.0000     1887.0000     1548.0000     1689.0000     1579.0000     1492.0000     2277.0000
  6555.00707   185663.4000     1280.0000      976.0000     1944.0000     1435.0000     1640.0000     1530.0000     1472.0000     2432.0000
  6555.50438   185435.4000     1360.0000      958.0000     1898.0000     1426.0000     1664.0000     1449.0000     1501.0000     2369.0000
  6556.00177   184084.4000     1295.0000      956.0000     1851.0000     1424.0000     1623.0000     1485.0000     1534.0000     2384.0000
  6556.49923   182805.4000     1185.0000      984.0000     1876.0000     1403.0000     1543.0000     1478.0000     1524.0000     2357.0000
  6556.99677   183383.4000     1200.0000      997.0000     1857.0000     1339.0000     1503.0000     1405.0000     1487.0000     2395.0000
  6557.49440   184864.4000     1186.0000      929.0000     1868.0000     1385.0000     1603.0000     1491.0000     1439.0000     2462.0000
  6557.99210   185240.4000     1248.0000      907.0000     1815.0000     1432.0000     1534.0000     1468.0000     1430.0000     2394.0000
  6558.48988   185318.4000     1192.0000      941.0000     1857.0000     1439.0000     1608.0000     1511.0000     1412.0000     2294.0000
  6559.01037   185306.4000     1210.0000      919.0000     1824.0000     1448.0000     1536.0000     1417.0000     1407.0000     2296.0000
  6559.50832   185333.4000     1223.0000      955.0000     1879.0000     1373.0000     1537.0000     1463.0000     1342.0000     2316.0000
  6560.00634   185287.4000     1197.0000      909.0000     1845.0000     1354.0000     1572.0000     1449.0000     1450.0000     2236.0000
  6560.50444   185271.4000     1228.0000      903.0000     1815.0000     1372.0000     1525.0000     1463.0000     1359.0000     2251.0000
  6561.00263   185213.4000     1197.0000      944.0000     1778.0000     1322.0000     1523.0000     1417.0000     1453.0000     2311.0000
  6561.50089   185227.4000     1133.0000      873.0000     1848.0000     1347.0000     1501.0000     1418.0000     1403.0000     2375.0000
  6561.99923   185239.4000     1173.0000      922.0000     1796.0000     1361.0000     1480.0000     1384.0000     1355.0000     2272.0000
  6562.49765   185219.4000     1130.0000      913.0000     1807.0000     1319.0000     1488.0000     1382.0000     1346.0000     2299.0000
  6562.99615   185233.4000     1149.0000      885.0000     1785.0000     1426.0000     1501.0000     1459.0000     1372.0000     2262.0000
  6563.49473   185189.4000     1109.0000      895.0000     1777.0000     1386.0000     1475.0000     1399.0000     1316.0000     2221.0000
  6563.99339   185180.4000     1177.0000      882.0000     1765.0000     1315.0000     1452.0000     1395.0000     1385.0000     2303.0000
  6564.49213   185097.4000     1176.0000      894.0000     1816.0000     1395.0000     1486.0000     1369.0000     1344.0000     2232.0000
  6564.99095   185148.4000     1217.0000      896.0000     1821.0000     1311.0000     1499.0000     1366.0000     1376.0000     2215.0000
  6565.48984   185080.4000     1135.0000      930.0000     1844.0000     1356.0000     1476.0000     1432.0000     1430.0000     2288.0000
  6565.98882   185089.4000     1208.0000      861.0000     1736.0000     1291.0000     1478.0000     1346.0000     1471.0000     2184.0000
  6566.51057   184993.4000     1167.0000      939.0000     1810.0000     1338.0000     1548.0000     1403.0000     1385.0000     2204.0000
  6567.00971   185011.4000     1163.0000      977.0000     1803.0000     1288.0000     1430.0000     1408.0000     1400.0000     2221.0000
  6567.50893   184935.4000     1234.0000      934.0000     1787.0000     1355.0000     1496.0000     1388.0000     1398.0000     2223.0000
  6568.00823   184930.4000     1158.0000      937.0000     1747.0000     1407.0000     1503.0000     1383.0000     1404.0000     2152.0000
  6568.50761   184925.4000     1190.0000      959.0000     1700.0000     1358.0000     1500.0000     1376.0000     1396.0000     2192.0000
  6570.50592   184900.4000     1133.0000      945.0000     1821.0000     1358.0000     1530.0000     1443.0000     1443.0000     2176.0000
  6572.07368   184967.4000     1178.0000      918.0000     1752.0000     1403.0000     1495.0000     1416.0000     1409.0000     2195.0000
  6573.66495   184947.4000     1150.0000      967.0000     1759.0000     1317.0000     1535.0000     1417.0000     1325.0000     2165.0000
  6575.27979   184905.4000     1130.0000      882.0000     1782.0000     1330.0000     1557.0000     1400.0000     1370.0000     2212.0000
  6576.94099   184896.4000     1129.0000      850.0000     1728.0000     1321.0000     1440.0000     1425.0000     1481.0000     2150.0000
  6578.64861   184861.4000     1170.0000      961.0000     1735.0000     1372.0000     1472.0000     1380.0000     1351.0000     2122.0000
  6580.40274   184856.4000     1129.0000      969.0000     1761.0000     1391.0000     1469.0000     1375.0000     1459.0000     2175.0000
  6582.15785   184790.4000     1168.0000      927.0000     1763.0000     1357.0000     1475.0000     1402.0000     1421.0000     2186.0000
  6583.98238   184696.4000     1108.0000      939.0000     1714.0000     1353.0000     1451.0000     1349.0000     1442.0000     2171.0000
  6585.83081   184616.4000     1182.0000      928.0000     1774.0000     1369.0000     1519.0000     1350.0000     1386.0000     2222.0000
  6587.72600   184526.4000     1133.0000      899.0000     1672.0000     1311.0000     1562.0000     1345.0000     1468.0000     2101.0000
  6589.64519   184453.4000     1150.0000      917.0000     1658.0000     1396.0000     1491.0000     1369.0000     1408.0000     2100.0000
  6591.61129   184329.4000     1199.0000      883.0000     1627.0000     1306.0000     1446.0000     1376.0000     1461.0000     2086.0000
  6593.62440   184179.4000     1162.0000      940.0000     1652.0000     1397.0000     1478.0000     1283.0000     1412.0000     2130.0000
  6595.66169   184003.4000     1135.0000      883.0000     1667.0000     1367.0000     1530.0000     1310.0000     1421.0000     2072.0000
  6597.72321   183864.4000     1138.0000      999.0000     1705.0000     1386.0000     1488.0000     1368.0000     1347.0000     2061.0000
  6599.83195   183733.4000     1189.0000      897.0000     1704.0000     1304.0000     1430.0000     1354.0000     1401.0000     2062.0000
  6601.98799   183486.4000     1191.0000      860.0000     1647.0000     1334.0000     1466.0000     1291.0000     1416.0000     2031.0000
  6604.16846   178365.4000     1144.0000      859.0000     1628.0000     1303.0000     1506.0000     1298.0000     1433.0000     1952.0000
  6606.39641   176053.4000     1040.0000      880.0000     1541.0000     1299.0000     1408.0000     1234.0000     1305.0000     1898.0000
  6608.67191   183107.4000     1083.0000      896.0000     1590.0000     1370.0000     1473.0000     1332.0000     1419.0000     1885.0000
  6610.97207   183159.4000     1074.0000      899.0000     1679.0000     1314.0000     1441.0000     1252.0000     1421.0000     1902.0000
  6613.29694   183002.4000     1166.0000      925.0000     1580.0000     1326.0000     1406.0000     1269.0000     1406.0000     1911.0000
  6615.66961   182888.4000     1145.0000      901.0000     1651.0000     1258.0000     1495.0000     1367.0000     1434.0000     1904.0000
  6618.09020   182757.4000     1091.0000      892.0000     1648.0000     1380.0000     1449.0000     1306.0000     1414.0000     1899.0000
  6620.53572   182534.4000     1124.0000      932.0000     1578.0000     1267.0000     1498.0000     1269.0000     1375.0000     1963.0000
  6623.02933   182324.4000     1168.0000      982.0000     1578.0000     1369.0000     1452.0000     1259.0000     1410.0000     1872.0000
  6625.54804   182094.4000     1159.0000      962.0000     1608.0000     1304.0000     1416.0000     1344.0000     1477.0000     1940.0000
  6628.11502   181809.4000     1113.0000      918.0000     1552.0000     1317.0000     1405.0000     1308.0000     1440.0000     1847.0000
  6630.70724   181658.4000     1159.0000      988.0000     1591.0000     1382.0000     1391.0000     1266.0000     1400.0000     1847.0000
  6633.34794   181548.4000     1118.0000      910.0000     1583.0000     1385.0000     1456.0000     1213.0000     1443.0000     1856.0000
  6636.01404   181472.4000     1120.0000      893.0000     1587.0000     1302.0000     1396.0000     1273.0000     1438.0000     1865.0000
  6638.72881   181556.4000     1109.0000      953.0000     1560.0000     1275.0000     1423.0000     1264.0000     1404.0000     1783.0000
  6641.46915   181609.4000     1135.0000      915.0000     1567.0000     1285.0000     1406.0000     1285.0000     1399.0000     1823.0000
  6644.25837   181772.4000     1148.0000      946.0000     1622.0000     1302.0000     1397.0000     1296.0000     1399.0000     1816.0000
  6647.07332   182024.4000     1123.0000      914.0000     1666.0000     1405.0000     1452.0000     1344.0000     1401.0000     1787.0000
  6649.93736   182203.4000     1111.0000      944.0000     1516.0000     1296.0000     1427.0000     1300.0000     1377.0000     1787.0000
  6652.82731   182466.4000     1051.0000      934.0000     1534.0000     1321.0000     1373.0000     1250.0000     1352.0000     1706.0000
  6655.76656   182598.4000     1076.0000      928.0000     1547.0000     1395.0000     1367.0000     1225.0000     1293.0000     1746.0000
  6658.73191   182807.4000     1149.0000      931.0000     1594.0000     1354.0000     1412.0000     1272.0000     1423.0000     1806.0000
  6661.74678   182981.4000     1065.0000      949.0000     1574.0000     1322.0000     1369.0000     1237.0000     1432.0000     1746.0000
  6664.78793   183141.4000     1119.0000      868.0000     1568.0000     1254.0000     1427.0000     1192.0000     1368.0000     1701.0000
  6667.87884   183256.4000     1179.0000      921.0000     1489.0000     1413.0000     1418.0000     1219.0000     1423.0000     1683.0000
  6670.99621   183181.4000     1127.0000      944.0000     1522.0000     1276.0000     1356.0000     1282.0000     1396.0000     1759.0000
  6674.16358   183126.4000     1151.0000      897.0000     1523.0000     1333.0000     1420.0000     1200.0000     1412.0000     1734.0000
  6677.35761   183107.4000     1142.0000      988.0000     1551.0000     1296.0000     1431.0000     1305.0000     1462.0000     1661.0000
  6680.57836   183110.4000     1113.0000      913.0000     1523.0000     1360.0000     1422.0000     1268.0000     1387.0000     1619.0000
  6683.84946   183166.4000     1113.0000      892.0000     1504.0000     1400.0000     1449.0000     1208.0000     1421.0000     1650.0000
  6687.17105   183089.4000     1113.0000      964.0000     1545.0000     1328.0000     1471.0000     1269.0000     1381.0000     1695.0000
  6690.51970   183158.4000     1129.0000      923.0000     1448.0000     1372.0000     1496.0000     1306.0000     1375.0000     1662.0000
  6693.89549   182927.4000     1141.0000      969.0000     1554.0000     1307.0000     1381.0000     1275.0000     1442.0000     1618.0000
  6697.32214   182745.4000     1124.0000      917.0000     1535.0000     1369.0000     1467.0000     1260.0000     1392.0000     1587.0000
  6700.77614   182530.4000     1125.0000      946.0000     1553.0000     1326.0000     1399.0000     1318.0000     1470.0000     1504.0000
  6704.25756   182418.4000     1080.0000      922.0000     1536.0000     1310.0000     1426.0000     1268.0000     1425.0000     1612.0000
  6707.79022   182252.4000     1020.0000      899.0000     1488.0000     1331.0000     1396.0000     1269.0000     1374.0000     1578.0000
  6711.37429   182109.4000     1150.0000      900.0000     1541.0000     1311.0000     1443.0000     1224.0000     1430.0000     1582.0000
  6714.96236   181983.4000     1094.0000      874.0000     1508.0000     1352.0000     1352.0000     1226.0000     1411.0000     1500.0000
  6718.62587   181767.4000     1110.0000      904.0000     1600.0000     1316.0000     1407.0000     1244.0000     1345.0000     1612.0000
  6722.29356   181640.4000     1135.0000      891.0000     1448.0000     1269.0000     1463.0000     1249.0000     1371.0000     1517.0000
  6726.01316   181436.4000     1033.0000      862.0000     1424.0000     1259.0000     1402.0000     1226.0000     1366.0000     1451.0000
  6729.76097   181163.4000     1016.0000      933.0000     1501.0000     1300.0000     1455.0000     1185.0000     1388.0000     1522.0000
  6733.56097   181026.4000     1008.0000      888.0000     1387.0000     1228.0000     1332.0000     1195.0000     1347.0000     1447.0000
  6737.38942   180775.4000     1064.0000      857.0000     1490.0000     1359.0000     1390.0000     1221.0000     1337.0000     1409.0000
  6741.27037   180562.4000     1030.0000      929.0000     1468.0000     1324.0000     1399.0000     1250.0000     1408.0000     1446.0000
  6745.15600   180312.4000     1039.0000      898.0000     1469.0000     1326.0000     1415.0000     1235.0000     1475.0000     1365.0000
  6749.11841   179794.4000     1092.0000      866.0000     1454.0000     1313.0000     1383.0000     1187.0000     1339.0000     1429.0000
  6753.08570   179683.4000     1051.0000      886.0000     1435.0000     1295.0000     1435.0000     1189.0000     1413.0000     1414.0000
  6757.10606   179720.4000     1050.0000      877.0000     1466.0000     1315.0000     1394.0000     1183.0000     1362.0000     1369.0000
  6761.15554   179551.4000     1001.0000      959.0000     1469.0000     1302.0000     1336.0000     1201.0000     1313.0000     1406.0000
  6765.25841   179517.4000     1020.0000      939.0000     1474.0000     1312.0000     1347.0000     1228.0000     1425.0000     1428.0000
  6769.39068   179558.4000     1132.0000      920.0000     1438.0000     1301.0000     1440.0000     1226.0000     1374.0000     1371.0000
  6773.55244   179659.4000     1117.0000      925.0000     1513.0000     1326.0000     1424.0000     1183.0000     1436.0000     1498.0000
  6777.74381   179941.4000     1049.0000      971.0000     1503.0000     1357.0000     1367.0000     1241.0000     1346.0000     1459.0000
  6781.98916   180272.4000     1031.0000      891.0000     1399.0000     1308.0000     1428.0000     1277.0000     1349.0000     1377.0000
  6786.26438   180493.4000     1040.0000      950.0000     1477.0000     1316.0000     1376.0000     1163.0000     1439.0000     1395.0000
  6790.59393   180914.4000     1079.0000      910.0000     1453.0000     1279.0000     1342.0000     1214.0000     1417.0000     1367.0000
  6794.92926   181167.4000     1031.0000      950.0000     1412.0000     1288.0000     1411.0000     1231.0000     1414.0000     1382.0000
  6799.31920   181239.4000     1043.0000      936.0000     1399.0000     1344.0000     1363.0000     1199.0000     1428.0000     1268.0000
  6803.76395   181292.4000     1061.0000      870.0000     1479.0000     1316.0000     1392.0000     1193.0000     1345.0000     1372.0000
  6808.21479   181290.4000     1066.0000      849.0000     1404.0000     1256.0000     1373.0000     1160.0000     1376.0000     1389.0000
  6812.72073   181377.4000     1030.0000      985.0000     1356.0000     1313.0000     1297.0000     1192.0000     1366.0000     1287.0000
  6817.25745   181411.4000     1058.0000      871.0000     1457.0000     1277.0000     1282.0000     1144.0000     1361.0000     1308.0000
  6821.84965   181309.4000     1064.0000      890.0000     1430.0000     1241.0000     1300.0000     1144.0000     1351.0000     1320.0000
  6826.44832   181157.4000     1087.0000      865.0000     1419.0000     1321.0000     1382.0000     1154.0000     1396.0000     1335.0000
  6831.10277   181230.4000     1053.0000      921.0000     1441.0000     1344.0000     1329.0000     1275.0000     1341.0000     1296.0000
  6835.78855   181324.4000     1075.0000      929.0000     1397.0000     1262.0000     1389.0000     1236.0000     1359.0000     1350.0000
  6840.53048   181569.4000     1034.0000      923.0000     1482.0000     1322.0000     1435.0000     1172.0000     1377.0000     1303.0000
  6845.27929   181883.4000     1069.0000      904.0000     1545.0000     1361.0000     1413.0000     1195.0000     1418.0000     1286.0000
  6850.08458   182052.4000     1074.0000      921.0000     1398.0000     1294.0000     1310.0000     1171.0000     1297.0000     1333.0000
  6854.92174   182124.4000     1005.0000      930.0000     1453.0000     1317.0000     1390.0000     1171.0000     1460.0000     1392.0000
  6859.81578   182041.4000     1085.0000      961.0000     1475.0000     1293.0000     1400.0000     1222.0000     1398.0000     1326.0000
  6864.71713   182625.4000     1024.0000      951.0000     1400.0000     1300.0000     1360.0000     1249.0000     1404.0000     1328.0000
  6869.67568   182804.4000     1086.0000      976.0000     1456.0000     1318.0000     1402.0000     1206.0000     1368.0000     1337.0000
  6874.66669   182803.4000     1090.0000      953.0000     1445.0000     1297.0000     1368.0000     1223.0000     1366.0000     1354.0000
  6879.69031   182731.4000     1069.0000      907.0000     1397.0000     1379.0000     1307.0000     1225.0000     1456.0000     1322.0000
  6884.74665   182729.4000     1074.0000      949.0000     1488.0000     1297.0000     1394.0000     1208.0000     1385.0000     1306.0000
  6889.83585   182469.4000     1065.0000      883.0000     1467.0000     1281.0000     1381.0000     1208.0000     1373.0000     1322.0000
  6894.98317   182261.4000      981.0000      906.0000     1385.0000     1362.0000     1338.0000     1180.0000     1382.0000     1265.0000
  6900.16371   182333.4000     1036.0000      920.0000     1440.0000     1384.0000     1336.0000     1266.0000     1398.0000     1251.0000
  6905.37760   182517.4000      902.0000      820.0000     1272.0000     1166.0000     1157.0000     1082.0000     1243.0000     1062.0000
  6910.62496   180858.4000     1067.0000      967.0000     1439.0000     1254.0000     1348.0000     1173.0000     1367.0000     1252.0000
  6915.90596   182364.4000     1045.0000      967.0000     1396.0000     1283.0000     1371.0000     1207.0000     1398.0000     1282.0000
  6921.22072   182222.4000     1077.0000      918.0000     1381.0000     1352.0000     1323.0000     1276.0000     1366.0000     1286.0000
  6926.59476   182170.4000     1069.0000      909.0000     1435.0000     1311.0000     1420.0000     1286.0000     1390.0000     1272.0000
  6931.97752   182210.4000      967.0000      934.0000     1481.0000     1292.0000     1355.0000     1187.0000     1401.0000     1297.0000
  6937.41993   182151.4000     1025.0000      913.0000     1443.0000     1368.0000     1375.0000     1223.0000     1343.0000     1386.0000
  6942.89677   182075.4000     1079.0000      930.0000     1486.0000     1361.0000     1366.0000     1119.0000     1401.0000     1308.0000
  6948.40818   181960.4000      998.0000      974.0000     1462.0000     1297.0000     1364.0000     1163.0000     1371.0000     1268.0000
  6953.95431   181813.4000     1002.0000     1018.0000     1418.0000     1388.0000     1351.0000     1208.0000     1375.0000     1309.0000
  6959.53532   182006.4000     1085.0000      966.0000     1480.0000     1326.0000     1361.0000     1166.0000     1377.0000     1280.0000
  6965.15135   182356.4000     1049.0000      955.0000     1490.0000     1354.0000     1346.0000     1165.0000     1349.0000     1262.0000
  6970.82827   182704.4000     1074.0000      952.0000     1452.0000     1320.0000     1324.0000     1211.0000     1427.0000     1331.0000
  6976.51485   182989.4000     1066.0000      993.0000     1460.0000     1407.0000     1425.0000     1200.0000     1418.0000     1253.0000
  6982.26272   183130.4000     1056.0000      958.0000     1553.0000     1346.0000     1330.0000     1213.0000     1409.0000     1340.0000
  6988.02049   183177.4000     1105.0000      931.0000     1459.0000     1332.0000     1331.0000     1208.0000     1466.0000     1263.0000
  6993.83994   183420.4000     1032.0000      964.0000     1602.0000     1358.0000     1359.0000     1216.0000     1405.0000     1278.0000
  6999.66952   183600.4000     1049.0000      913.0000     1438.0000     1304.0000     1328.0000     1200.0000     1419.0000     1348.0000
  7005.56120   183986.4000     1047.0000      952.0000     1479.0000     1372.0000     1401.0000     1210.0000     1359.0000     1329.0000
  7011.48927   184127.4000     1062.0000      956.0000     1461.0000     1322.0000     1372.0000     1192.0000     1436.0000     1274.0000
  7017.45387   184090.4000     1025.0000      910.0000     1422.0000     1327.0000     1349.0000     1242.0000     1383.0000     1299.0000
  7023.45519   183793.4000     1095.0000      900.0000     1432.0000     1273.0000     1371.0000     1210.0000     1494.0000     1285.0000
  7029.46722   183759.4000     1102.0000      899.0000     1422.0000     1395.0000     1411.0000     1196.0000     1407.0000     1273.0000
  7035.54242   183223.4000     1009.0000     1006.0000     1443.0000     1336.0000     1430.0000     1158.0000     1356.0000     1291.0000
  7041.65484   182732.4000     1051.0000      906.0000     1453.0000     1399.0000     1441.0000     1187.0000     1385.0000     1256.0000
  7047.80464   182290.4000     1097.0000      916.0000     1508.0000     1358.0000     1387.0000     1155.0000     1457.0000     1243.0000
  7053.99201   182025.4000     1020.0000      920.0000     1431.0000     1361.0000     1308.0000     1195.0000     1402.0000     1330.0000
  7060.19072   181791.4000     1034.0000      985.0000     1418.0000     1319.0000     1416.0000     1167.0000     1427.0000     1267.0000
  7066.45370   181732.4000      992.0000      967.0000     1450.0000     1300.0000     1378.0000     1237.0000     1431.0000     1324.0000
  7072.75477   181670.4000     1052.0000      962.0000     1546.0000     1266.0000     1375.0000     1212.0000     1389.0000     1240.0000
  7079.09412   181079.4000     1001.0000      938.0000     1495.0000     1302.0000     1360.0000     1209.0000     1424.0000     1272.0000
  7085.44532   181099.4000     1030.0000      925.0000     1481.0000     1349.0000     1343.0000     1169.0000     1421.0000     1225.0000
  7091.86171   180633.4000     1046.0000      912.0000     1446.0000     1397.0000     1338.0000     1264.0000     1394.0000     1239.0000
  7098.31692   180333.4000     1009.0000      931.0000     1455.0000     1366.0000     1331.0000     1227.0000     1410.0000     1253.0000
  7104.78439   180026.4000     1096.0000      943.0000     1429.0000     1373.0000     1387.0000     1193.0000     1415.0000     1277.0000
  7111.31776   179469.4000     1029.0000      932.0000     1482.0000     1290.0000     1358.0000     1210.0000     1399.0000     1318.0000
  7117.86366   178823.4000     1018.0000      924.0000     1450.0000     1353.0000     1369.0000     1279.0000     1361.0000     1300.0000
  7124.44902   178452.4000     1023.0000      981.0000     1455.0000     1299.0000     1369.0000     1257.0000     1385.0000     1290.0000
  7131.07405   177599.4000     1061.0000      884.0000     1529.0000     1336.0000     1349.0000     1212.0000     1409.0000     1276.0000
  7137.76595   177450.4000     1018.0000      902.0000     1485.0000     1280.0000     1315.0000     1190.0000     1411.0000     1308.0000
  7144.47095   177504.4000     1077.0000      871.0000     1445.0000     1286.0000     1378.0000     1250.0000     1382.0000     1251.0000
  7151.21619   177552.4000     1115.0000      974.0000     1457.0000     1342.0000     1377.0000     1138.0000     1353.0000     1356.0000
  7157.97471   177240.4000     1054.0000      928.0000     1438.0000     1329.0000     1310.0000     1161.0000     1308.0000     1247.0000
  7164.80099   177176.4000     1027.0000      972.0000     1463.0000     1272.0000     1285.0000     1115.0000     1377.0000     1269.0000
  7171.66812   177164.4000     1048.0000      924.0000     1434.0000     1336.0000     1382.0000     1236.0000     1430.0000     1238.0000
  7178.54896   177140.4000     1103.0000     1019.0000     1471.0000     1372.0000     1404.0000     1238.0000     1460.0000     1350.0000
  7185.47096   177367.4000     1054.0000      917.0000     1512.0000     1365.0000     1412.0000     1190.0000     1380.0000     1253.0000
  7192.43431   177386.4000      976.0000      930.0000     1450.0000     1286.0000     1412.0000     1187.0000     1390.0000     1316.0000
  7199.43921   177054.4000     1038.0000      952.0000     1487.0000     1314.0000     1370.0000     1185.0000     1437.0000     1229.0000
  7206.48589   176864.4000     1029.0000      982.0000     1485.0000     1277.0000     1376.0000     1110.0000     1417.0000     1245.0000
  7213.57455   176999.4000     1077.0000      957.0000     1441.0000     1323.0000     1401.0000     1195.0000     1399.0000     1239.0000
  7220.67774   177351.4000      983.0000      946.0000     1458.0000     1343.0000     1321.0000     1169.0000     1448.0000     1229.0000
  7227.85094   177152.4000     1031.0000      893.0000     1451.0000     1307.0000     1361.0000     1184.0000     1391.0000     1275.0000
  7235.03900   176603.4000     1019.0000      943.0000     1445.0000     1394.0000     1288.0000     1224.0000     1415.0000     1309.0000
  7242.26978   175760.4000     1109.0000      938.0000     1428.0000     1321.0000     1387.0000     1179.0000     1401.0000     1197.0000
  7249.51561   175233.4000      994.0000      915.0000     1436.0000     1347.0000     1404.0000     1220.0000     1403.0000     1285.0000
  7256.83245   175090.4000     1121.0000      960.0000     1582.0000     1484.0000     1485.0000     1245.0000     1517.0000     1364.0000
  7264.16467   175631.4000      987.0000      918.0000     1385.0000     1365.0000     1367.0000     1211.0000     1381.0000     1336.0000
  7271.54039   175482.4000     1030.0000      961.0000     1477.0000     1318.0000     1329.0000     1211.0000     1426.0000     1258.0000
  7278.95983   175008.4000     1078.0000      950.0000     1461.0000     1345.0000     1373.0000     1246.0000     1416.0000     1363.0000
  7286.42323   174877.4000     1063.0000      949.0000     1446.0000     1276.0000     1282.0000     1143.0000     1395.0000     1212.0000
  7293.90257   174909.4000     1033.0000      919.0000     1420.0000     1304.0000     1388.0000     1140.0000     1410.0000     1325.0000
  7301.42619   174959.4000     1067.0000      955.0000     1484.0000     1335.0000     1330.0000     1167.0000     1342.0000     1271.0000
  7308.99435   174535.4000     1044.0000      896.0000     1414.0000     1309.0000     1375.0000     1141.0000     1393.0000     1256.0000
  7316.57883   174193.4000     1083.0000      963.0000     1417.0000     1383.0000     1368.0000     1206.0000     1389.0000     1323.0000
  7324.23669   173726.4000     1067.0000      882.0000     1444.0000     1296.0000     1328.0000     1188.0000     1401.0000     1327.0000
  7331.91123   173455.4000      955.0000      873.0000     1496.0000     1323.0000     1330.0000     1187.0000     1395.0000     1269.0000
  7339.63113   173248.4000      980.0000      923.0000     1466.0000     1299.0000     1283.0000     1231.0000     1399.0000     1220.0000
  7347.36793   173549.4000     1003.0000      898.0000     1407.0000     1325.0000     1370.0000     1203.0000     1394.0000     1302.0000
  7355.15045   173684.4000     1039.0000      931.0000     1462.0000     1345.0000     1329.0000     1234.0000     1354.0000     1281.0000
  7362.97894   173412.4000     1022.0000      979.0000     1453.0000     1349.0000     1451.0000     1278.0000     1493.0000     1312.0000
  7370.85363   172892.4000      987.0000      914.0000     1470.0000     1288.0000     1280.0000     1149.0000     1377.0000     1251.0000
  7378.74584   172230.4000     1035.0000      966.0000     1476.0000     1310.0000     1347.0000     1199.0000     1425.0000     1257.0000
  7386.68463   171148.4000     1010.0000      909.0000     1473.0000     1284.0000     1319.0000     1232.0000     1401.0000     1247.0000
  7394.67026   171649.4000     1034.0000     1005.0000     1426.0000     1316.0000     1315.0000     1138.0000     1457.0000     1223.0000
  7402.67383   171165.4000     1054.0000      903.0000     1412.0000     1248.0000     1350.0000     1251.0000     1369.0000     1214.0000
