MRCAT_XAFS V0.3 Datafile
"Udsvuo2.029" created at APS Sector 10-ID on Mon Aug 20 04:59:58 2001
Ring energy= 7.00 GeV
E0= 8332.00
NUM_REGIONS= 1
SRB= 16900
SRSS= 0.66666667
SPP= 0.2
Settling time= 0


Offsets= 0.00 11497.67 11979.00 329.33 11110.00 0.00 0.00 0.00 0.00 0.00 0.00 0.00 0.00 0.00 0.00 0.00 
Gains= 9.00 7.00 7.00 9.00 7.00 1.00 1.00 1.00 1.00 1.00 1.00 1.00 1.00 1.00 1.00 1.00
U in Desulfosporosinus + UO2
abandoned mine biomass
spot2
------------------------------------------------------------------------------------------------
   energy joerger_timer       Io       It       If     Iref 
 16901.277  15467815 300050 144065 29350 742975
 16902.404  15470085 294550 141435 28825 740290
 16903.406  15465945 297840 142970 29120 746050
 16904.408  15467975 294080 141230 28650 741165
 16905.536  20627720 398550 191410 38975 989390
 16906.538  10309015 202650 97345 19730 498425
 16907.541  20623765 399405 191865 38925 994015
 16908.543  15468695 306335 147190 29790 751835
 16909.671  15468125 306205 147165 29670 752195
 16910.674  15468800 302610 145430 29325 751990
 16911.802  15467400 307705 147885 29800 755920
 16912.68   15469455 306775 147475 29645 752615
 16912.931  15467095 298570 143535 28815 745940
 16916.066  15467510 302785 145560 29260 749940
 16917.07   20626590 405770 195085 39190 1013255
 16918.073  15466260 310520 149375 29790 762065
 16919.077  15468105 309785 149000 29855 759080
 16920.081  15468255 311705 149985 29895 764520
 16921.211  15467610 308115 148220 29470 759520
 16922.215  15469830 306160 147300 29185 758990
 16923.219  15467565 305495 146980 29200 759455
 16924.349  15468185 308660 148560 29420 762355
 16925.354  15467390 306165 147330 29320 761920
 16926.484  15471410 310770 149590 29650 761865
 16927.489  20621820 413700 199150 39435 1020520
 16928.494  15467595 308880 148730 29355 766120
 16929.499  15469515 316045 152205 30035 773600
 16930.63   15467205 311715 150160 29560 760725
 16931.761  15469505 302900 145885 28625 754565
 16932.641  15467480 299840 144360 28560 753085
 16933.646  15467840 309885 149250 29430 763330
 16934.777  15468185 315160 151830 29810 773305
 16935.783  15468335 313185 150885 29565 776820
 16936.915  15469175 304985 146945 28745 771075
 16937.921  20623320 421850 203275 39765 1033940
 16938.927  15468395 319950 154215 30125 778935
 16940.059  15469520 319425 153985 30100 776405
 16941.066  15467365 322080 155280 30235 781515
 16942.198  15467725 309930 149440 29005 775425
 16943.205  15468250 325065 156740 30470 788350
 16944.212  15468115 317130 152930 29665 780255
 16945.219  15469265 324905 156720 30450 788340
 16946.352  15467360 318025 153410 29750 786090
 16947.359  15469000 327945 158195 30640 791325
 16948.366  20624475 427380 206180 39830 1059835
 16949.499  15467430 325625 157120 30355 809180
 16950.507  15469310 321325 155080 29795 790815
 16951.641  15466720 300295 144970 27875 741515
 16952.649  15468820 291605 140720 27160 731670
 16953.656  15471175 302255 145860 28190 746085
 16954.665  15465420 318935 153945 29505 778235
 16955.799  15467655 316865 152975 29295 784480
 16956.807  15468805 328230 158495 30405 795690
 16957.816  20624465 431745 208515 39925 1056190
 16958.824  15467870 318615 153890 29510 792600
 16959.959  15468420 328435 158655 30225 802510
 16960.968  15467810 321015 155070 29675 796080
 16962.103  15469625 328220 158575 30270 795835
 16963.112  15467140 329655 159300 30280 797730
 16964.121  15470790 321520 155385 29580 792805
 16965.13   15465490 330110 159545 30350 798595
 16966.266  15468810 329365 159225 30265 797305
 16967.276  20627240 443340 214305 40675 1066825
 16968.412  15464750 332885 160970 30490 803370
 16969.421  15468760 329020 159090 30060 801325
 16970.431  15467935 322300 155865 29560 796175
 16971.568  15468530 326545 157915 29885 802205
 16972.578  15467875 332790 160985 30430 802900
 16973.588  15468485 332420 160845 30245 804270
 16974.725  15468665 327960 158680 29920 799980
 16975.736  15468590 326630 158055 29825 796490
 16976.746  15467315 316185 152990 28920 791350
 16977.884  15468540 334405 161840 30565 797855
 16978.895  20624600 431480 208885 39340 1050970
 16979.906  15467730 328910 159240 29785 788215
 16981.043  15468420 326620 158125 29890 784565
 16982.055  15467975 329250 159475 29955 783540
 16983.193  15468525 333710 161655 30395 784605
 16984.204  15468275 313835 152095 28400 751665
 16985.216  15468445 279725 135550 25300 693925
 16986.228  15467690 259885 125800 23610 672215
 16987.366  15468575 276165 133610 25165 706700
 16988.378  20624930 425990 206250 38880 1036130
 16989.391  15467300 338860 164190 30645 823190
 16990.529  15468600 344955 167135 31370 837080
 16991.542  15468855 349305 169300 31575 840320
 16992.555  15468095 347685 168535 31420 843410
 16993.694  15469590 354220 171740 31940 847920
 16994.707  15466635 348695 169080 31470 840260
 16995.72   15467870 345505 167545 31120 838280
 16996.86   15468280 339785 164790 30680 836710
 16997.873  15468440 342620 166110 30970 839015
 16998.886  20624000 466255 226200 41965 1121580
 17000.026  15468760 345320 167505 31245 841010
 17001.04   15467945 349935 169795 31475 841545
 17002.054  15469505 355595 172570 32035 843690
 17003.194  15466475 351975 170830 31715 842470
 17004.208  15468800 343550 166775 30730 836545
 17005.223  15467895 349220 169475 31500 841655
 17006.364  15469230 332715 161555 29780 829555
 17007.378  15467435 343640 166785 30955 842105
 17008.392  15468560 351655 170735 31715 847630
 17009.534  20624925 475605 231005 42700 1130955
 17010.549  15467440 344835 167510 30890 837885
 17011.564  15468295 325760 158180 29470 829330
 17012.706  15469010 337125 163750 30260 838395
 17013.721  15467430 357545 173680 32125 850110
 17014.736  15468290 358440 174175 32200 851505
 17015.878  15468560 350990 170585 31435 848690
 17016.894  15467515 347935 169090 31225 847415
 17017.909  15468485 340865 165665 30605 845105
 17019.052  15468085 341335 229585 41510 1132675
 17020.068  20624485 464415 162080 30870 837840
 17021.084  15468555 352785 171535 31750 849565
 17022.227  15467675 352435 171375 31650 854335
 17023.244  15469420 348240 169370 31305 850295
 17024.26   15467335 349900 170210 31430 848275
 17025.404  15468475 352045 171205 31910 850630
 17026.42   15470190 360385 175380 32305 857310
 17027.437  15466220 355315 172885 32040 854875
 17028.454  15468445 355570 173040 31960 858705
 17029.598  20626645 475350 231350 42700 1138430
 17030.616  15466125 353825 172205 31770 857865
 17031.633  15467705 351505 171095 31690 858145
 17032.777  15469365 349145 169955 31475 853600
 17033.795  15466835 355450 173070 32060 856500
 17034.94   15468995 333760 162515 30150 842170
 17035.958  15467565 350215 170465 31685 852265
 17036.976  15469750 358285 174505 32240 861075
 17038.121  20623445 468845 228330 42505 1143020
 17039.139  15467765 353230 172075 31945 857855
 17040.158  15469855 350780 170880 31710 854425
 17041.303  15467045 351800 171385 32010 858670
 17042.322  15467965 361110 175965 32850 864225
 17043.341  15468080 350955 171005 31900 857050
 17044.487  15468945 361770 176320 32965 865860
 17045.506  15467735 355130 173100 32325 861190
 17046.525  15468810 356665 173850 32505 862625
 17047.672  15467590 357835 174470 32610 861240
 17048.691  20624355 481045 234555 43925 1154495
 17049.71   15469030 357500 174350 32580 863570
 17050.857  15468275 361770 176425 33220 863505
 17051.877  15467895 357825 174540 32765 864605
 17052.897  15467515 361080 176115 33200 867365
 17054.045  15470255 362565 176900 33260 862045
 17055.065  15466630 355900 173635 32750 857830
 17056.085  15468535 357625 174480 32930 862750
 17057.233  15467605 350215 170865 32355 857960
 17058.253  20642315 470605 229605 43605 1150750
 17059.274  15450730 360730 176065 33390 867680
 17060.295  15467895 352640 172125 32620 864450
 17061.443  15468710 354765 173155 32955 865195
 17062.464  15468100 348295 169995 32525 861360
 17063.613  15468675 363645 177530 34060 869720
 17064.634  15468925 364650 178060 34055 875055
 17065.656  15467330 363175 177355 33900 874015
 17066.805  15467850 361090 176340 33830 871355
 17067.827  15468905 357020 174335 33675 868720
 17068.849  20623760 486790 237760 45905 1166290
 17069.998  15467845 369415 180490 34960 876095
 17071.02   15469330 362090 176905 34380 870920
 17072.042  15467635 365045 178355 34560 874495
 17073.192  15468485 347915 169960 33260 858885
 17074.215  15467855 357455 174625 34195 868230
 17075.237  15468875 360890 176340 34615 873485
 17076.388  15467735 353595 172765 33970 865875
 17077.411  15469070 353655 172775 34160 866180
 17078.434  15467245 361375 176610 34955 873900
 17079.585  20624515 466550 228005 45035 1154775
 17080.608  15468450 363985 177870 35575 874315
 17081.631  15467740 363890 177895 35535 872025
 17082.655  15470365 364125 178005 35755 871910
 17083.806  15466145 356990 174520 35110 869190
 17084.83   15469330 358940 175490 35370 871135
 17085.854  15467580 358730 175350 35625 874690
 17087.006  15468460 349675 170925 34805 866130
 17088.03   15467510 355870 173975 35495 871135
 17089.054  15471015 360165 176055 36330 869455
 17090.207  20622010 480430 234900 48585 1161165
 17091.231  15467945 361590 176805 36490 873710
 17092.256  15471625 354925 173520 36225 870100
 17093.408  15465520 361740 176845 37125 870680
 17094.433  15468250 366755 179345 37760 874240
 17095.458  15467600 359415 175785 37075 870805
 17096.483  15468715 355340 173715 37120 871425
 17097.637  15467840 368205 180055 38560 877450
 17098.662  15469235 365175 178595 38410 878260
 17099.816  20623650 479310 234380 50760 1161190
 17100.842  15468070 359945 175960 38595 871965
 17101.867  15469120 363150 177575 39060 875240
 17102.893  15468530 364395 178170 39445 874680
 17104.048  15467285 367510 179705 40115 878970
 17105.074  15468020 357280 174645 39325 873595
 17106.1    15468530 367255 179540 40535 878210
 17107.255  15470580 365295 178590 40745 875835
 17108.281  15466125 360205 176070 40390 872035
 17109.308  15467430 360870 176355 41080 870785
 17110.463  20624700 470275 229845 53815 1156010
 17111.49   15468770 349795 170820 40650 866940
 17112.645  15467540 363495 177575 42585 875880
 17113.673  15469250 364715 178180 42935 876035
 17114.7    15467200 357985 174830 42790 873320
 17115.727  15469320 364235 177890 43925 871985
 17116.883  15468420 363120 177325 44205 874175
 17117.911  15467965 364070 177740 44890 874985
 17118.939  15467420 361415 176415 45105 870385
 17120.095  15468530 362240 176795 45745 869190
 17121.124  20624185 476495 232445 61265 1158385
 17122.152  15467960 358170 174650 46590 868375
 17123.309  15468660 358000 174505 47315 869120
 17124.337  15468155 357450 174180 48110 872220
 17125.366  15468500 347425 169195 47525 865025
 17126.523  15467645 348115 169495 48420 863465
 17127.552  15470245 358930 174645 50705 869740
 17128.581  15468280 349860 170165 50525 860155
 17129.739  15467895 347635 169005 51245 863625
 17130.768  20625375 469955 228245 70945 1157445
 17131.797  15465355 357780 173710 55315 867945
 17132.956  15469580 357600 173515 56450 864385
 17133.985  15466950 352895 171035 57135 863625
 17135.015  15468915 356490 172650 59160 869155
 17136.174  15467760 353550 171085 60305 863420
 17137.204  15468710 354210 171220 62180 863800
 17138.234  15468665 359110 173385 64965 869150
 17139.393  15468180 357385 172355 66740 866585
 17140.423  15467410 346045 166640 66535 856315
 17141.454  20625405 461445 221705 93180 1142860
 17142.614  15467590 349865 167760 73820 858410
 17143.644  15467890 351205 168060 77135 860360
 17144.675  15468375 345185 164795 79255 855000
 17145.706  15468140 352960 167990 85275 861875
 17146.867  15469095 355155 168510 90575 862290
 17147.898  15467525 343925 162585 93145 851350
 17148.929  15468660 355215 167115 102610 862955
 17150.09   15467570 354185 165790 109590 859920
 17151.122  15468795 353615 164515 118115 862545
 17152.282  20624165 471730 217510 173775 1146760
 17153.314  15468205 350155 159640 143845 857370
 17154.347  15468290 352670 158835 161435 858115
 17155.379  15471060 352315 156305 180860 856630
 17156.54   15465750 346975 151085 201220 845740
 17157.573  15467355 348950 148450 231690 846285
 17158.605  15469080 350995 145170 267515 846765
 17159.638  15467635 353010 141125 309605 842605
 17160.8    15469225 351900 135175 354185 839680
 17161.833  15467810 350690 128505 405010 832460
 17162.995  20623940 460830 158060 623305 1098940
 17164.029  15469180 342800 108840 536200 816235
 17165.062  15467605 345200 102090 606440 814250
 17166.096  15469475 350880 97500 667530 811890
 17167.259  15466575 349720 92660 701695 809325
 17168.292  15468790 342480 88340 706290 799565
 17169.456  15467925 353070 90585 729980 809675
 17170.49   15468850 343000 88850 698255 798745
 17171.524  15467135 337985 89235 672220 794215
 17172.688  20625050 454160 123070 872845 1066220
 17173.722  15468535 336585 93400 630145 798445
 17174.757  15467795 342990 96910 626055 806505
 17175.791  15468755 347145 99640 619025 811780
 17176.956  15468550 347355 101045 607805 811125
 17177.991  15468530 323835 95225 557880 788865
 17179.026  15467065 338615 100560 573900 804115
 17180.19   15469515 340005 101925 567050 805625
 17181.226  15466850 334570 101140 553520 799085
 17182.391  15468855 343980 104895 560725 810955
 17183.426  20624220 459105 141355 734285 1079935
 17184.462  15467755 341545 106115 540430 806925
 17185.498  15468765 342250 107160 533625 810180
 17186.663  15467880 342205 107940 527155 808125
 17187.7    15468595 343005 108885 522440 810825
 17188.865  15467680 338680 108125 511380 805710
 17189.902  15468655 331535 106395 493970 801260
 17190.938  15469480 333890 107565 496765 803370
 17191.975  15467710 336480 108695 498640 806410
 17193.142  15467600 339420 109910 500965 810250
 17194.179  20626275 457405 148325 673920 1085465
 17195.216  15466765 334750 108515 491720 805360
 17196.382  15467485 336355 108935 497740 805705
 17197.42   15468425 334520 108200 495565 803965
 17198.457  15468010 339530 109635 504540 811185
 17199.625  15468540 323885 104360 482615 792960
 17200.662  15468060 337035 108345 507225 804910
 17201.7    15469445 338455 108610 509635 805050
 17202.868  15466685 341320 109290 516435 808670
 17203.906  20627005 455655 145630 691620 1082230
 17204.944  15467030 335505 107070 510670 805765
 17206.113  15466950 337840 107700 515055 810115
 17207.151  15468655 327015 104220 499475 795085
 17208.19   15468005 338850 107995 516795 809660
 17209.358  15469295 334805 106770 509905 808130
 17210.397  15467335 329615 105210 502955 800560
 17211.436  15468635 327840 104800 497290 798605
 17212.605  15467675 332895 106585 503975 805980
 17213.645  15468530 334200 107185 505015 805490
 17214.684  20624455 447270 143775 673205 1076860
 17215.854  15467640 337970 108875 506920 808885
 17216.893  15468800 334155 107865 498240 808510
 17217.933  15467875 330830 106975 494120 803755
 17219.103  15471300 332250 107620 492990 805170
 17220.143  15465100 335305 108810 496705 805710
 17221.184  15468605 333290 108315 492260 806200
 17222.224  15467925 335085 109095 493475 807440
 17223.394  15469080 336650 109745 495085 814470
 17224.435  15467720 332830 108655 488145 807475
 17225.476  20623635 431850 141155 631975 1062730
 17226.647  15469485 330800 108255 483445 805440
 17227.688  15467425 318845 104440 465630 789740
 17228.729  15468795 327815 107415 478560 802655
 17229.9    15468960 326990 107235 476090 798625
 17230.942  15467160 331755 108775 484280 806940
 17231.983  15468300 332340 108980 484920 809410
 17233.155  20625600 440580 144500 642590 1076715
 17234.327  15466890 330180 108280 481525 806345
 17235.369  15468270 319765 104810 467770 794915
 17236.542  15468745 330475 108305 483765 806820
 17237.454  15467205 330770 108350 484600 807580
 17238.626  15468735 331095 108420 484900 805145
 17239.799  15467915 324240 106100 476630 798305
 17240.842  15469850 330685 108165 486505 806660
 17241.884  15467260 328935 107520 484255 807260
 17242.927  20623990 439050 143455 647985 1074480
 17244.101  15469720 331445 108220 489690 809950
 17245.144  15467230 327870 106990 484985 806740
 17246.187  15468185 324060 105725 479270 800725
 17247.361  15467845 325565 106130 483065 801335
 17248.405  15468685 326835 106510 485910 801650
 17249.448  15467915 327850 106780 487070 804695
 17250.622  15468860 324230 105565 482040 798785
 17251.666  15467485 317195 103225 471230 789295
 17252.71   15468630 320375 104135 480610 793665
 17253.755  20624330 439545 142790 657015 1073610
 17254.93   15467935 330220 107220 495205 806395
 17255.974  15468765 320515 104040 479100 796910
 17257.019  15467445 325055 105380 489500 801735
 17258.194  15471285 320255 103775 480835 795355
 17259.239  15465325 319650 103510 483615 791355
 17260.414  15468970 328380 106280 495240 803330
 17261.46   15467580 327340 105890 495125 805570
 17262.505  15468695 329440 106525 498890 807520
 17263.55   15470805 326875 105665 495000 802230
 17264.726  20621350 439465 142035 666415 1080045
 17265.772  15468745 325730 105265 493315 803070
 17266.949  15467885 324875 104960 493435 800530
 17267.995  15468425 327990 105970 497145 806715
 17269.041  15468965 320720 103635 487380 796960
 17270.087  15467555 328855 106250 499585 810905
 17271.264  15467490 329400 106440 499870 809170
 17272.31   15469915 327465 105835 497485 807675
 17273.357  15467230 328435 106165 498675 807045
 17274.535  20633250 434135 140390 658955 1077710
 17275.581  15459805 312965 101290 475675 790190
 17276.759  15467810 326785 105760 494660 808505
 17277.806  15468600 328140 106280 497660 810270
 17278.854  15467540 328545 106505 497260 813720
 17279.901  15468715 328900 106685 497030 814895
 17281.079  15467985 328445 106635 495985 811525
 17282.127  15468820 327310 106395 492115 808710
 17283.175  15470130 318595 103665 480400 795670
 17284.354  15465910 328275 106915 493540 809945
 17285.402  20624975 432930 141135 649265 1077370
 17286.45   15468000 325425 106220 487440 807995
 17287.629  15467830 322620 105405 482255 806690
 17288.678  15467785 325790 106525 487235 807645
 17289.726  15469345 326395 106820 486310 808530
 17290.906  15467500 328450 107565 490040 814820
 17291.955  15468395 327685 107410 487115 811485
 17293.135  15467945 328060 107605 488705 815155
 17294.184  15470185 326180 107090 483895 809685
 17295.234  15466455 327065 107420 486365 810905
 17296.283  20624385 429130 141100 633210 1075415
 17297.464  15469805 317795 104515 474255 799015
 17298.513  15466540 327745 107845 485620 817470
 17299.563  15468600 328520 108135 486550 816815
 17300.613  15467565 328480 108185 485385 817570
 17301.794  15469055 329015 108370 488360 818405
 17302.845  15467665 329765 108640 488265 820235
 17304.026  15469435 330360 108875 488825 822205
 17305.077  15468165 330480 108945 488505 819345
 17306.127  20626020 436330 143860 646395 1087085
 17307.178  15466495 331540 109330 490800 819120
 17308.36   15468290 326085 107570 482750 814385
 17309.411  15467705 329800 108765 488570 820340
 17310.462  15467590 332540 109705 492640 821945
 17311.645  15468780 330595 109060 489900 820215
 17312.696  15467905 331585 109395 491350 822410
 17313.879  15468785 332245 109605 492295 825230
 17314.931  15467605 331335 109325 492010 822085
 17315.983  15469115 329875 108855 489290 821330
 17317.166  20624110 435320 143665 645545 1087930
 17318.218  15467520 332155 109600 493195 823085
 17319.27   15468715 331730 109455 492505 822045
 17320.323  15467775 330765 109140 491820 821280
 17321.375  15469440 322600 106470 478125 810755
 17322.559  15469310 330455 108995 493500 823105
 17323.744  15467095 336390 110960 500415 834290
 17324.797  15467290 333380 109970 496495 828270
 17325.85   20627810 445325 146865 663290 1103745
 17326.903  10308900 221710 73110 330435 549400
 17328.088  20624200 436820 144090 651145 1093265
 17329.141  15468645 332300 109590 496095 826920
 17330.195  15468050 334045 110150 498260 825815
 17331.248  15468400 332090 109500 495900 822380
 17332.434  15467740 336535 110970 502350 832075
 17333.488  15469255 330785 109080 494865 823575
 17334.674  15467155 334910 110435 500635 831000
 17335.728  15469420 331550 109335 495870 826300
 17336.782  20625155 437955 144445 655495 1092290
 17337.968  15466325 337155 111140 504540 833360
 17339.023  15469080 336670 111010 503385 832790
 17340.078  15467655 335565 110635 503705 830605
 17341.264  15468500 337545 111290 505990 837905
 17342.32   15468120 336605 110975 505025 833500
 17343.507  15469580 337715 111355 506020 837250
 17344.562  15467345 333020 109810 499655 827085
 17345.617  15468040 334825 110395 502810 830410
 17346.673  20624070 451485 148870 677670 1115730
 17347.86   15468965 337135 111170 506755 838745
 17348.916  15467870 340340 112240 511160 843405
 17350.104  15467705 340840 112420 512065 844155
 17351.16   15469320 332410 109725 497255 829760
 17352.217  15467495 329680 108795 496330 822225
 17353.273  15468825 329920 108910 496280 823700
 17354.461  15467485 327675 108165 492300 818390
 17355.386  15468450 338165 111615 508310 835620
 17356.575  15468005 340555 112420 511915 844140
 17357.632  20624375 454520 150095 683795 1121820
 17358.821  15468585 340805 112560 512055 841320
 17359.878  15467730 336870 111290 506250 836800
 17360.935  15468655 342660 113195 515500 848800
 17362.125  15469070 340240 112470 509730 842175
 17363.315  15467515 333675 110320 502700 830770
 17364.373  15467725 338855 112055 508160 840810
 17365.43   15468580 337760 111700 508760 839360
 17366.488  15467735 338650 112025 507715 841470
 17367.679  15469800 334585 110705 503755 831885
 17368.737  20623330 451160 149300 678540 1118850
 17369.795  15467755 342500 113345 514940 846545
 17370.986  15469215 337245 111660 505980 840140
 17372.045  15467690 334870 110890 503855 832920
 17373.104  15468715 341990 113210 514435 848820
 17374.295  15467475 339270 112355 509940 843290
 17375.222  15468515 338220 112010 508760 840015
 17376.413  15468075 341315 113050 513505 846830
 17377.605  15469080 343235 113715 516160 852205
 17378.664  15467320 341500 113160 683760 1134335
 17379.724  20624375 453690 150365 511520 840090
 17380.784  15468615 339620 112585 510755 843625
 17381.976  15467690 339975 112740 511425 841595
 17383.036  15468810 341830 113360 514750 846565
 17384.096  15467885 342470 113610 515260 849705
 17385.289  15469125 335500 111365 502880 837125
 17386.349  15467695 338695 112385 510725 842365
 17387.41   15470180 339555 112710 510785 843575
 17388.471  15465900 340910 113180 512735 848020
 17389.664  20624695 456165 151465 686210 1134055
 17390.858  15470715 337160 112010 507420 843020
 17391.919  15465535 342655 113825 515385 847985
 17392.98   15468530 339250 112745 509825 842155
 17394.041  15467880 342385 113755 515685 852845
 17395.236  15468825 340840 113310 513065 847165
 17396.297  15467635 343325 114140 516415 851450
 17397.359  15468565 340100 113100 511005 845435
 17398.554  15469135 340885 113370 513300 848285
 17399.616  15467790 337855 112405 507325 843630
 17400.678  20623745 444960 148090 669825 1112635
 17401.74   15469715 343405 114270 517110 853320
 17402.935  15467485 342970 114170 515170 851980
 17403.998  15467920 335865 111855 505890 840725
 17405.061  15467945 341425 113690 513220 850935
 17406.256  15467970 337440 112410 508010 842965
 17407.319  15468500 342710 114150 515780 853370
 17408.383  15468190 335300 111770 504200 837815
 17409.579  15468915 341950 113905 515275 848690
 17410.642  15467455 340885 113605 512900 852205
 17411.839  20624765 454795 151600 684760 1136060
 17412.902  15468850 341900 113985 514795 853795
 17413.966  15466895 341675 113915 513785 853120
 17415.03   15468805 340855 113685 513455 850300
 17416.227  15469135 338990 113105 510535 845895
 17417.291  15468035 338090 112840 507710 844405
 17418.489  15467505 328950 109830 496255 829700
 17419.553  15468465 341740 114015 515955 853310
 17420.618  15467760 340080 113540 511885 848865
 17421.683  20624600 446085 148940 672460 1122270
 17422.881  15469390 340630 113730 512850 850455
 17423.946  15467070 342200 114265 516260 853885
 17425.011  15468340 342470 114365 515900 855770
 17426.209  15468110 343115 114590 517685 855220
 17427.275  15470115 342885 114555 516450 855320
 17428.34   15466170 344490 115050 519780 861080
 17429.539  15468780 344130 114980 518725 856930
 17430.605  15467780 337600 112890 508095 843240
 17431.671  15469575 340595 113855 514540 850285
 17432.87   20623100 448000 149900 675720 1124920
 17433.937  15467875 344415 115150 519670 858660
 17435.003  15469420 342115 114435 515345 856015
 17436.203  15467480 343810 114975 519550 858845
 17437.27   15468515 344070 115090 518885 858985
 17438.336  15469100 344005 115100 519070 856300
 17439.537  15467755 342875 114755 517605 853615
 17440.604  15467710 344210 115185 519720 857985
 17441.671  20625155 460290 154065 694220 1145155
 17442.872  15467520 345000 115495 520515 861465
 17444.073  15467955 338835 113550 510780 850175
 17445.14   15468645 338460 113420 510740 847920
 17446.208  15467825 339175 113740 510890 847405
 17447.276  15468665 337510 113150 509675 845025
 17448.478  15468000 341145 114370 515435 852430
 17449.546  15468965 345415 115780 520920 863475
 17450.748  15467435 343740 115245 518905 859100
 17451.816  15468615 341515 114580 514950 849375
 17452.885  20625265 460105 154305 694400 1150420
 17453.954  15467065 339925 114120 513205 850740
 17455.156  15468395 340250 114240 513105 851490
 17456.225  15471005 344730 115675 520985 858835
 17457.294  15465475 344405 115600 519695 858780
 17458.497  15468265 343845 115450 519165 858725
 17459.567  15468475 341950 114855 516260 854135
 17460.636  15467370 332335 111750 500885 835925
 17461.706  15469180 337315 113355 509315 842055
 17462.909  20624345 457565 153690 691430 1140545
 17463.979  15467375 342810 115190 517370 855035
 17465.183  15468815 340425 114435 514285 850310
 17466.253  15467790 341725 114905 515440 852255
 17467.324  15470525 341185 114730 516075 850740
 17468.394  15466315 341220 114740 515480 852245
 17469.599  15468565 342570 115215 518300 856845
 17470.67   15467755 335850 113040 506730 840395
 17471.741  15468675 338070 113745 511350 845265
 17472.945  15467815 342290 115130 517670 853540
 17474.017  20624275 459105 154430 693860 1147060
 17475.222  15468940 338575 113960 512145 847985
 17476.293  15468165 340215 114500 514745 851945
 17477.365  15468025 339980 114455 514635 850635
 17478.571  15468520 338050 113870 511215 847425
 17479.643  15467895 342385 115220 518250 857975
 17480.715  15468100 343335 115555 519935 857675
 17481.787  15469620 341615 115060 517110 851845
 17482.993  15467005 335985 113275 508045 840715
 17484.066  15468215 339465 114375 513855 848825
 17485.138  20625110 457320 154060 692285 1142575
 17486.345  15467375 341390 115055 517380 851015
 17487.418  15468500 333440 112515 504415 838595
 17488.491  15468005 341385 115075 516835 850190
 17489.698  15468425 341520 115185 517215 852690
 17490.771  15467830 340465 114860 515905 849170
 17491.845  15468945 343620 115865 520180 856850
 17493.053  15469175 338805 114335 512115 844640
 17494.126  15466840 340230 114825 516455 846955
 17495.2    20624815 459560 155045 695900 1145550
 17496.274  15470210 343845 116025 520790 858890
 17497.482  15465885 339535 114690 513165 846845
 17498.557  15467845 335385 113345 508690 836425
 17499.765  15469285 344460 116285 522315 855345
 17500.84   15467755 344150 116220 521880 856570
 17501.915  15468220 344570 116375 521910 860280
 17503.124  15467930 342310 115685 518965 851445
 17504.199  15469265 345695 116770 524195 859110
 17505.274  15467415 342520 115775 519255 853325
 17506.483  20623870 457015 154510 692510 1136885
 17507.559  15469340 342660 115860 519350 852705
 17508.634  15467585 341415 115500 517655 850265
 17509.71   15468710 340140 115095 515010 849235
 17510.92   15467470 339170 114770 514295 846185
 17511.996  15468630 343560 116225 521400 854155
 17513.206  15467765 341935 115720 517800 851750
 17514.283  15469360 337700 114395 511980 839455
 17515.359  15467540 336540 114000 511275 837875
 17516.57   15468400 343960 116430 521530 855075
 17517.646  20625145 458290 155155 696210 1138495
 17518.723  15467350 342860 116095 520080 853115
 17519.935  15468660 341080 115575 517540 849465
 17521.012  15467580 344365 116590 523265 855990
 17522.089  15471010 344265 116595 522900 859080
 17523.166  15465570 344085 116545 522665 856060
 17524.378  15469040 343060 116250 520680 851650
 17525.456  15467310 342525 116065 519880 852260
 17526.668  15468450 338140 114675 514215 842500
 17527.746  20629670 454145 153965 690650 1131685
 17528.824  15462675 340790 115575 517660 847825
 17529.902  15468895 339045 114995 515135 846450
 17531.115  15468240 335710 113875 509940 840465
 17532.194  15468420 337325 114385 513945 838945
 17533.407  15468955 339155 115025 515740 840010
 17534.486  15467075 339845 115290 516730 841215
 17535.564  15468050 339480 115210 517735 842460
 17536.643  15468470 340230 115485 517670 844315
 17537.857  15468345 339405 115210 516175 841565
 17538.802  20623490 454500 154275 692710 1128510
 17540.151  15468995 343205 116475 522795 851020
 17541.23   15468075 342075 116115 520895 849750
 17542.31   15468610 343280 116530 523175 850960
 17543.39   15467640 340605 115695 518460 847970
 17544.605  15469125 343780 116720 523560 855185
 17545.685  15467380 336250 114355 511730 833170
 17546.765  15469090 338815 115165 516195 839220
 17547.845  15468545 345545 117410 525750 852965
 17549.061  15467545 340255 115725 518500 843575
 17550.142  20624930 459575 156155 700540 1141160
 17551.222  15467435 340110 115690 517730 843395
 17552.438  15468820 342840 116610 522805 848480
 17553.519  15467350 342560 116575 521830 845405
 17554.736  15468860 341715 116315 520610 843885
 17555.817  15467960 341760 116315 519865 843515
 17556.898  15468940 341690 116330 520240 842510
 17557.98   15467325 339420 115590 518220 842640
 17559.197  15470010 344505 117300 524440 848270
 17560.279  15468385 339610 115725 517240 840880
 17561.496  20622400 454880 155025 692780 1119520
 17562.578  15470860 343340 117025 523160 844435
 17563.661  15465635 337570 115105 511525 836295
 17564.743  15469105 334115 113970 511645 829050
 17565.961  15467755 340800 116200 519230 843800
 17567.044  15468570 335055 114365 509750 829775
 17568.126  15467505 338500 115575 515170 832475
 17569.345  15468615 341370 116530 520580 839605
 17570.428  15468830 346520 118195 528330 847355
 17571.647  20623555 461390 157435 703310 1129975
 17572.73   15468370 345270 117865 526755 846175
 17573.814  15468980 344385 117590 525020 843450
 17574.897  15468090 342995 117160 521490 841930
 17576.117  15467410 341390 116650 520825 835810
 17577.201  15468985 348970 119150 532355 853840
 17578.285  15467405 346350 118295 527890 849645
 17579.505  15469160 345500 118075 526770 845870
 17580.589  15467655 342805 117185 522735 838305
 17581.673  15468360 345105 117980 526000 843705
 17582.894  20624980 454605 155510 693190 1110490
 17583.979  15467725 334660 114560 510300 822955
 17585.063  15469130 348180 119010 531495 849195
 17586.149  15466975 346970 118645 529555 847580
 17587.369  15468645 348590 119215 532100 848120
 17588.455  15470485 343305 117495 521445 838090
 17589.676  15466270 340350 116465 521775 833855
 17590.762  15467425 346960 118715 529565 847565
 17591.847  15468845 345315 118200 527865 841665
 17592.933  15467750 347100 118800 529105 845135
 17594.155  20624250 462235 158265 706445 1122805
 17595.241  15468940 348405 119290 532245 845865
 17596.464  15467875 347500 119025 530815 842970
 17597.55   15468820 345085 118245 526800 837750
 17598.637  15467870 350340 119975 535760 850350
 17599.724  15469625 348195 119325 531830 844690
 17600.946  15466600 350020 119920 534680 849470
 17602.033  15468470 348970 119585 532685 847870
 17603.121  15467890 348275 119400 532825 846180
 17604.344  20624250 465535 159625 711595 1131785
 17605.431  15468750 341475 117145 521535 833870
 17606.519  15468105 346055 118730 527260 840635
 17607.743  15468560 344115 118115 527375 837530
 17608.831  15467700 345600 118640 527340 838610
 17609.919  15468630 346520 118930 529545 842680
 17611.143  15468540 346965 119090 531790 846280
 17612.231  15468410 348625 119665 532715 848045
 17613.32   15467740 343510 118020 522515 834395
 17614.408  15469190 334065 114845 512925 818340
 17615.633  20623830 456560 156920 698195 1107790
 17616.858  15467585 350085 120275 534700 844820
 17617.947  15468485 344905 118560 526905 835440
 17619.036  15467915 345305 118705 528510 833740
 17620.126  15468540 340440 117100 519775 826690
 17621.351  15468885 347035 119320 531305 836500
 17622.441  15468015 349135 120045 533465 843690
 17623.531  15467245 346465 119165 529165 838165
 17624.757  15468565 343695 118270 525810 831540
 17625.847  15469645 342710 117985 524510 829280
 17626.937  20622530 467295 160755 715330 1129800
 17628.163  15469055 348790 120050 533825 843025
 17629.254  15470125 342585 118010 523215 831315
 17630.344  15466860 343530 118325 525875 832150
 17631.572  15467485 347690 119765 532275 836750
 17632.662  15468510 347035 119565 531110 837275
 17633.753  15467740 347970 119900 532205 837440
 17634.845  15468370 348965 120250 534485 837940
 17636.072  15468550 344810 118905 527340 830915
 17637.164  20626760 462285 159390 707840 1112900
 17638.392  15465575 347090 119705 530945 835590
 17639.483  15468845 346700 119610 530560 833085
 17640.575  15468530 344495 118870 527195 828185
 17641.667  15467040 349145 120455 534340 837195
 17642.896  15468650 349460 120580 535150 837115
 17643.988  15467875 343990 118770 526575 827735
 17645.217  15469505 341405 117885 522540 823890
 17646.173  15467115 348425 120280 533310 835595
 17647.402  15468770 346255 119575 529215 832025
 17648.495  20625055 459960 158880 703460 1101515
 17649.725  15467395 341625 118035 524280 820210
 17650.818  15468355 342910 118520 523220 822210
 17651.911  15467785 341500 118030 525330 820695
 17653.141  15468320 340795 117820 521885 819510
 17654.235  15468155 347045 119955 530875 830880
 17655.329  15471200 346410 119755 531720 827745
 17656.559  15465290 348740 120575 534670 831350
 17657.653  15468290 344235 119075 526905 823585
 17658.747  15468020 346230 119735 531110 827445
 17659.842  20624305 453370 156895 694070 1088560
 17661.073  15468780 336710 116565 515715 809890
 17662.167  15468020 341650 118250 524705 817305
 17663.262  15468995 341955 118375 524460 816335
 17664.494  15467780 345275 119510 529790 822950
 17665.589  15468105 340470 117885 521520 815760
 17666.821  15469065 342135 118470 524430 814800
 17667.916  15467420 326780 113235 502345 792865
 17669.011  15468460 342610 118660 524975 818385
 17670.107  15468820 342490 118640 525145 815515
 17671.34   20623495 452610 156810 692560 1082775
 17672.435  15468225 327735 113620 504675 795280
 17673.668  15468825 342640 118710 527620 816870
 17674.764  15467405 337765 117100 517685 809565
 17675.861  15468760 339115 117565 521100 810410
 17677.094  15467515 343770 119160 528605 818440
 17678.191  15469345 341715 118470 525425 817415
 17679.287  15467835 343960 119275 527685 819960
 17680.384  15468195 332085 115235 508875 794955
 17681.618  20625385 447085 155110 688535 1065620
 17682.715  15467285 342385 118785 526605 811140
 17683.813  15468170 342240 118765 526225 811365
 17685.047  15467895 339095 117695 520755 806595
 17686.145  15468765 339595 117875 521425 807305
 17687.242  15467885 340045 118060 524285 810310
 17688.478  15468580 331895 115270 509085 795240
 17689.576  15467740 336310 116790 518335 801715
 17690.674  15468440 340290 118215 523050 809060
 17691.772  15467785 334080 116070 513985 798660
 17693.008  20624480 448745 155950 690755 1069830
 17694.106  15468760 340020 118170 523665 805395
 17695.342  15468185 338400 117635 520185 803715
 17696.441  15470375 331705 115355 510175 791925
 17697.54   15466125 334755 116390 515315 797355
 17698.776  15468315 336300 116965 518245 799345
 17699.876  15468050 330645 115040 508825 788530
 17700.975  15468460 336345 117025 516620 796290
 17702.212  15468150 334910 116545 515510 795240
 17703.312  15468710 337850 117590 520340 798380
 17704.412  20624165 439580 153085 676195 1050030
 17705.649  15467570 336535 117185 517880 794935
 17706.749  15468705 335535 116885 515970 796080
 17707.849  15468775 328530 114460 505625 784000
 17709.087  15467650 334665 116610 514955 792055
 17710.188  15467860 335685 116985 516565 795055
 17711.289  15469005 334580 116635 515005 793295
 17712.527  15467870 333510 116280 513365 789490
 17713.49   15468410 324995 113365 500270 775325
 17714.729  20625275 437815 152715 673545 1040340
 17715.968  15466945 331970 115810 511425 786935
 17717.069  15468905 332330 116005 511455 784995
 17718.171  15468390 329745 115090 507205 781575
 17719.273  15467765 327450 114300 504410 776145
 17720.512  15467880 328770 114805 506100 779430
 17721.614  15468940 330910 115565 509105 781390
 17722.854  15470355 331475 115805 509970 781845
 17723.956  15465630 325395 113705 500930 771715
 17725.059  15467905 328385 114755 505445 775600
 17726.161  20625285 431805 150960 664430 1025150
 17727.402  15467615 327560 114520 503350 774970
 17728.505  15468085 320985 112275 493410 763790
 17729.608  15469055 320745 112165 495115 762255
 17730.849  15467495 322585 112865 495865 765570
 17731.952  15468670 320215 112040 493245 761000
 17733.055  15467585 318845 111565 489840 758520
 17734.297  15469740 325350 113855 502195 766290
 17735.4    15467265 319225 111760 490895 758940
 17736.504  15468270 322210 112785 496705 761195
 17737.746  20625980 432120 151345 665440 1021935
 17738.85   15466535 322020 112785 495700 760390
 17739.955  15468435 321670 112700 495230 760125
 17741.197  15467520 320855 112425 494335 758135
 17742.302  15468695 321505 112695 494690 755335
 17743.406  15467985 317355 111220 488765 752320
 17744.649  15468725 320420 112340 493800 757685
 17745.754  15468520 324340 113755 499205 759835
 17746.86   15467920 318900 111835 491820 752075
 17748.103  15467745 323550 113530 660735 1014185
 17749.208  20625280 427405 149975 496575 749065
 17750.314  15468945 318795 111885 490045 751130
 17751.558  15466650 319200 112030 492740 749535
 17752.664  15468865 321130 112735 495870 751875
 17753.77   15467735 312085 109585 479940 738670
 17754.876  15468675 318875 111960 491770 748715
 17756.121  15467510 321785 113005 496200 752525
 17757.227  15468810 319835 112360 493245 748370
 17758.472  20624580 424450 149110 653785 995115
 17759.579  15467495 321215 112900 495785 749875
 17760.824  15468815 317555 111610 489340 743250
 17761.931  15467545 315860 111040 486945 741325
 17763.038  15469590 319375 112305 492870 747595
 17764.284  15469695 313815 110390 483735 736475
 17765.391  15466130 314885 110745 484495 739425
 17766.499  15467770 309890 108990 478830 732525
 17767.745  20627820 408740 143810 629800 969525
 17768.853  15465150 313785 110425 484760 736680
 17769.961  15467995 314650 110785 485165 736240
 17771.208  15468510 313385 110345 483710 733900
 17772.316  15467910 300690 105855 464140 719140
 17773.424  15468750 311590 109730 479865 729785
 17774.533  15467525 308725 108755 476245 723765
 17775.78   15469435 307920 108485 475880 721875
 17776.889  15466885 312175 110030 480985 727650
 17778.137  15469860 307925 108520 474250 725275
 17779.246  15467320 307030 108210 474265 721270
 17780.356  20624075 416105 146730 642520 969930
 17781.465  15469395 306250 108050 471240 719910
 17782.713  15467420 305830 107840 473515 720565
 17783.823  15468235 312275 110175 481865 727780
 17784.933  15467900 310190 109440 478725 725060
 17786.182  15469840 313005 110495 483690 728215
 17787.292  15467165 309355 109200 477360 723375
 17788.402  15468340 308870 109040 476410 722325
 17789.652  15467900 306830 108335 473695 717670
 17790.762  20641145 407980 144075 629765 953395
 17791.873  15451690 300035 105990 462830 707275
 17793.123  15467530 304190 107465 469285 710130
 17794.234  15469760 307425 108665 474150 713490
 17795.345  15466685 305400 107940 471640 711595
 17796.596  15469335 305190 107905 471290 709765
 17797.707  15467725 308845 109235 476655 715160
 17798.958  15468475 308520 109135 476500 710750
 17800.069  15467580 301080 106510 464360 701605
 17801.181  15468725 303765 107490 468890 705875
 17802.294  20624140 403640 142845 621770 940170
 17803.545  15468970 300990 106535 465575 702055
 17804.657  15467795 306430 108455 473735 708050
 17805.77   15470160 305925 108340 472005 707690
 17807.022  15466580 308425 109250 476980 712035
 17808.134  15467375 310135 109900 479130 712310
 17809.247  15468960 300650 106515 463045 700170
 17810.36   15467440 303185 107405 468885 700615
 17811.613  15469170 305230 108185 471740 701485
 17812.726  15467920 302245 107130 466895 699575
 17813.979  20623775 399750 141700 615965 929325
 17815.093  15469985 290450 102940 449040 685665
 17816.207  15467135 303565 107640 470195 699065
 17817.46   15468845 299515 106255 462035 694240
 17818.574  15467115 290720 103100 448685 681525
 17819.688  15468950 298060 105710 461600 690400
 17820.942  15467735 306505 108840 473940 699445
 17822.057  15468865 300190 106555 463310 691065
 17823.171  15467565 303915 107930 469415 692960
 17824.286  15468560 301165 106970 466255 690475
 17825.54   20624585 404615 143730 624595 924110
 17826.656  15467520 301150 106975 464645 689395
 17827.91   15468835 292945 104035 452915 679675
 17829.026  15467820 301600 107195 467185 689615
 17830.141  15469160 302395 107485 467575 688500
 17831.257  15467430 301230 107085 466005 685840
 17832.513  15470875 301285 107130 465655 687065
 17833.629  15465185 301030 107065 465820 685360
 17834.884  15468805 297125 105675 459220 683740
 17836.001  20627320 398250 141650 615770 912460
 17837.117  15464905 294830 104860 455805 678745
 17838.234  15468660 296665 105535 459410 679410
 17839.49   15468010 299965 106780 464860 680980
 17840.607  15468660 299300 106565 462390 681505
 17841.724  15467535 295185 105045 457075 676545
 17842.841  15468910 297225 105820 460325 677910
 17844.098  15468720 300125 106915 464525 680645
 17845.216  15468430 288110 102575 445025 668005
 17846.473  15467690 292745 104240 454115 673065
 17847.591  20625205 396425 141250 614110 902415
 17848.709  15468580 290850 103630 449350 667505
 17849.967  15466900 294535 104965 457100 668960
 17851.085  15468345 294225 104915 455120 668635
 17852.203  15467615 288045 102650 444400 664525
 17853.322  15468890 292900 104410 455970 666620
 17854.58   15467785 295620 105475 457930 669525
 17855.699  15468905 291910 104145 451300 664020
 17856.958  15467500 288690 102965 447470 662160
 17858.077  15468430 292635 104400 454220 665180
 17859.196  20625205 389800 139105 603905 886050
 17860.456  15467215 290570 103665 450670 663535
 17861.575  15468660 284500 101540 440485 655245
 17862.695  15468590 291540 104060 452805 661160
 17863.955  15468325 291310 104030 451125 660730
 17865.075  15467620 294275 105110 456680 664700
 17866.195  15468425 291710 104200 452380 661550
 17867.455  15467710 291245 104065 450145 661255
 17868.576  15468885 291195 104040 452120 659070
 17869.696  20626735 389435 139195 601915 879265
 17870.817  15465455 288410 103100 448510 654230
 17872.078  15468540 290680 103925 450340 656805
 17873.199  15468165 287050 102630 445180 651520
 17874.46   15469610 287795 102960 446175 651465
 17875.582  15466480 290670 103995 451535 655265
 17876.703  15468720 290240 103860 450230 653305
 17877.825  15467695 293065 104930 454855 655935
 17879.087  15469665 291755 104480 452390 654180
 17880.209  15467260 286780 102680 444475 646980
 17881.331  20624125 381030 136425 589040 862015
 17882.593  15469125 278295 99615 431970 636735
 17883.716  15467470 283425 101505 440280 640610
 17884.838  15468400 280995 100615 436640 639325
 17886.101  15469040 288275 103315 447375 646530
 17887.224  15467525 287915 103210 446135 645705
 17888.347  15467970 276675 99130 429455 633725
 17889.61   15469095 282390 101200 438770 639315
 17890.733  15467115 286635 102800 444335 642220
 17891.857  15468875 275300 98660 427190 631470
 17892.98   20624925 373495 133950 579805 845585
 17894.245  15467100 281335 100910 435520 635775
 17895.368  15468855 278865 100025 433830 631975
 17896.633  15467675 285465 102495 442550 636725
 17897.757  15469105 282070 101275 437390 632915
 17898.881  15467755 279640 100380 434505 629695
 17900.006  15468395 283980 102005 441335 632465
 17901.271  15470120 277930 99805 431255 628725
 17902.395  15466340 274125 98435 425480 627205
 17903.661  15468135 273515 98245 424445 617700
 17904.786  20627035 355510 127755 551705 797880
 17905.911  15465600 271270 97535 421160 599965
 17907.177  15468210 273585 98340 424895 613400
 17908.303  15468595 273755 98380 425270 619235
 17909.428  15467480 276305 99325 428850 622360
 17910.554  15468375 270090 97115 418860 614790
 17911.821  15468270 269640 96930 418695 613805
 17912.947  15469790 276710 99545 429555 618780
 17914.073  15467130 276550 99495 430180 620350
 17915.34   20623765 362915 130570 563190 819570
 17916.466  15470160 278900 100445 433835 617560
 17917.593  15466745 274895 98975 426630 614565
 17918.861  15469325 269905 97160 419660 609465
 17919.988  15466800 266755 96025 413800 606345
 17921.115  15468635 271700 97845 422450 610750
 17922.383  15467930 270490 97405 418475 611320
 17923.51   15468850 268765 96795 418780 605910
 17924.779  15467730 274080 98785 427270 609525
 17925.765  15468285 264750 95405 408970 602155
 17927.034  20625060 342635 123365 533095 793745
 17928.162  15468210 272565 98255 425255 607475
 17929.29   15468025 271875 98045 421305 607685
 17930.56   15467580 252360 90950 390845 587220
 17931.688  15470285 264520 95370 413455 596450
 17932.817  15466555 264105 95275 410265 593825
 17934.086  15468415 266420 96120 413895 596480
 17935.215  15467925 261250 94230 406475 591530
 17936.485  15468480 264485 95435 410710 595965
 17937.615  15467980 267795 96640 418255 599330
 17938.744  20624170 357050 128920 554485 799430
 17939.873  15468775 264515 95515 411490 595185
 17941.144  15467870 268565 97015 416900 599160
 17942.274  15468990 261695 94520 405390 590530
 17943.404  15469010 250980 90585 392910 579175
 17944.675  15467070 261365 94385 407880 590890
 17945.805  15467645 267660 96765 416495 592580
 17947.077  15469350 262550 94890 408315 587010
 17948.208  15467280 265685 96055 413915 590135
 17949.338  20624455 360530 130425 560930 793730
 17950.469  15469235 267380 96725 416335 591460
 17951.741  15467580 269490 97550 418655 590585
 17952.872  15468050 261960 94775 408085 586380
 17954.004  15468270 261825 94690 407960 587615
 17955.135  15469195 264910 95855 412685 589650
 17956.408  15467325 265480 96115 413210 586785
 17957.54   15468340 260010 94095 404570 580760
 17958.672  15467695 262980 95220 409940 583665
 17959.945  15468870 265395 96140 413230 585160
 17961.077  20624420 354280 128360 551955 781215
 17962.21   15467635 265025 96030 412145 584320
 17963.484  15468580 259060 93845 403800 579970
 17964.616  15467755 264135 95735 411170 583580
 17965.89   15469445 259265 93960 403790 579200
 17967.023  15467530 260560 94445 406335 580030
 17968.156  15468435 266930 96800 416965 585095
 17969.29   15468075 263945 95740 410595 581625
 17970.565  15470790 251955 91340 390240 571145
 17971.698  15465660 254985 92450 399700 571930
 17972.973  20624310 346745 125795 541030 768585
 17974.107  15470985 260335 94490 405455 575835
 17975.241  15465830 257400 93400 401560 572150
 17976.517  15468685 263555 95695 411115 579375
 17977.651  15467090 264265 95985 411695 578405
 17978.786  15468585 264320 96020 411425 577115
 17980.062  15467935 260630 94665 406540 573920
 17981.197  15469370 253915 92245 393945 567090
 17982.332  15468740 253470 92030 396180 564810
 17983.467  20622755 338965 123105 529640 754960
 17984.744  15469735 260805 94830 406630 569725
 17985.879  15468520 254685 92580 395370 566615
 17987.014  15466935 253085 91970 396590 564630
 17988.292  15467710 255010 92705 397335 565080
 17989.428  15468905 256950 93460 399895 565880
 17990.563  15468040 251030 91285 392410 559890
 17991.842  15468595 258430 94030 402870 567100
 17992.978  15467555 259495 94450 405505 567135
 17994.114  15468875 251630 91585 390910 559960
 17995.251  20624430 335410 122045 522980 748280
 17996.529  15467485 246555 89695 385780 555370
 17997.666  15469175 247885 90220 386440 554700
 17998.945  15467215 254940 92840 399295 559290
 18000.082  15469250 260100 94785 405750 564880
 18001.219  15468700 259380 94555 404700 560620
 18002.357  15467320 254810 92860 397305 559705
 18003.637  15467855 255160 93010 398515 557455
 18004.774  15468830 257580 93930 401645 560150
 18006.054  15467715 254005 92620 396560 555280
 18007.192  20624270 341320 124490 532245 744600
 18008.331  15468840 250390 91300 389775 553080
 18009.611  15468070 248865 90725 389870 550995
 18010.75   15468670 251360 91695 391410 553525
 18011.888  15467360 251385 91680 393235 555225
 18013.169  15470185 250395 91345 391105 553620
 18014.308  15467870 255075 93105 398380 555625
 18015.447  15468255 242800 88580 378935 546145
 18016.586  15467330 243355 88785 378900 545355
 18017.868  20623640 327560 119520 512735 730895
 18019.008  15469385 257590 94100 402655 558880
 18020.147  15467540 254125 92850 396635 554105
 18021.43   15468295 247915 90580 386590 545245
 18022.57   15467945 251970 92085 394775 548480
 18023.71   15468820 252485 92280 393885 551420
 18024.992  15468705 245515 89725 382725 543235
 18026.133  15468145 251455 91920 394340 546510
 18027.416  15467270 245945 89910 382740 545330
 18028.557  15468620 246000 89925 385895 542610
 18029.698  20624525 327180 119635 510725 725065
 18030.839  15467820 250050 91475 391445 544875
 18032.122  15468425 251280 91945 392635 546040
 18033.264  15468030 246355 90150 384930 543050
 18034.548  15469145 243845 89215 380495 539950
 18035.547  15467590 244415 89450 382495 538720
 18036.831  15468450 242345 88675 379655 537505
 18037.973  15467620 250240 91635 390605 542875
 18039.258  15468790 249560 91410 390765 542060
 18040.4    15470245 253880 93020 397065 545760
 18041.543  20621690 328680 120415 513810 716530
 18042.685  15468960 246930 90510 385955 538215
 18043.971  15470770 242215 88755 378185 534280
 18045.113  15465955 243895 89360 381500 536670
 18046.399  15467555 242720 88950 380735 534750
 18047.542  15468825 249115 91385 389960 538350
 18048.686  15467835 248155 91020 388105 537680
 18049.829  15468795 248745 91250 389840 537295
 18051.116  15467690 244260 89610 380600 532530
 18052.259  20633620 322635 118335 506450 709675
 18053.546  15459865 241100 88440 376470 533605
 18054.69   15467540 240865 88370 375970 530890
 18055.835  15469520 238870 87665 373970 527095
 18057.122  15466455 240805 88340 379015 530345
 18058.267  15468900 247620 90965 386510 532705
 18059.411  15467990 236925 86975 370825 525920
 18060.699  15468745 240895 88470 377205 526340
 18061.844  15467350 239440 87910 375770 525620
 18062.989  15469085 242155 88965 378885 528935
 18064.134  20624290 323365 118815 506795 706240
 18065.423  15467290 246140 90470 386715 532285
 18066.569  15468850 250665 92180 392655 535370
 18067.714  15468795 248545 91415 389485 534020
 18069.003  15468705 244840 90030 383060 531140
 18070.149  15467190 242115 89020 379325 529340
 18071.296  15469515 233550 85850 365470 521430
