# data from ifeffit
#------------------------
#   lambda    xmu
  1.4111241        1.0136610
  1.4095112       0.99498640
  1.4079114       0.99006790
  1.4063118       0.98503450
  1.4047185       0.98010050
  1.4031252       0.97518120
  1.4015320       0.97038090
  1.3999519       0.96569310
  1.3983650       0.96098390
  1.3967914       0.95623120
  1.3952109       0.95155970
  1.3936437       0.94727970
  1.3920764       0.94277890
  1.3905091       0.93878160
  1.3889484       0.93476270
  1.3873942       0.93193260
  1.3873142       0.93189790
  1.3872408       0.93196050
  1.3871674       0.93170570
  1.3870940       0.93146750
  1.3870072       0.93150930
  1.3869405       0.93150450
  1.3868673       0.93139010
  1.3867938       0.93132910
  1.3867206       0.93124090
  1.3866337       0.93112220
  1.3865670       0.93102130
  1.3864937       0.93090210
  1.3864202       0.93072980
  1.3863337       0.93061220
  1.3862602       0.93049900
  1.3861934       0.93063260
  1.3861201       0.93054690
  1.3860333       0.93039820
  1.3859601       0.93038800
  1.3858866       0.93033460
  1.3858199       0.93035580
  1.3857466       0.93029560
  1.3856599       0.93024980
  1.3855863       0.93024640
  1.3855131       0.93018870
  1.3854462       0.93025890
  1.3853663       0.93023500
  1.3852929       0.93011570
  1.3852194       0.93028520
  1.3851461       0.93019820
  1.3850727       0.93034810
  1.3849926       0.93033300
  1.3849192       0.93025190
  1.3848459       0.93034520
  1.3847726       0.93042740
  1.3846991       0.93056230
  1.3846190       0.93062020
  1.3845457       0.93070820
  1.3844723       0.93091370
  1.3843990       0.93104400
  1.3843188       0.93115120
  1.3842454       0.93123060
  1.3841721       0.93147950
  1.3840986       0.93158050
  1.3840254       0.93184670
  1.3839520       0.93226390
  1.3838718       0.93255850
  1.3837986       0.93271400
  1.3837251       0.93312980
  1.3836517       0.93335920
  1.3835782       0.93383660
  1.3834984       0.93406280
  1.3834249       0.93457980
  1.3833515       0.93508460
  1.3832782       0.93576700
  1.3832047       0.93634390
  1.3831248       0.93716850
  1.3830513       0.93782530
  1.3829779       0.93861000
  1.3829045       0.93936510
  1.3828310       0.94040530
  1.3827578       0.94136680
  1.3826776       0.94266520
  1.3826044       0.94408420
  1.3825308       0.94585200
  1.3824574       0.94690610
  1.3823841       0.94848390
  1.3823107       0.95100490
  1.3822241       0.95372500
  1.3821506       0.95592260
  1.3820773       0.95914110
  1.3820038       0.96383830
  1.3819371       0.96587010
  1.3818638       0.97046460
  1.3817769       0.97779870
  1.3817036       0.98572150
  1.3816302       0.99592830
  1.3815635        1.0040120
  1.3814901        1.0257270
  1.3814168        1.0413800
  1.3813434        1.0651330
  1.3812566        1.1294670
  1.3811898        1.2088820
  1.3811164        1.3478110
  1.3810430        1.5768250
  1.3809697        1.7812450
  1.3808963        1.9227310
  1.3808162        1.9908120
  1.3807430        2.0143870
  1.3806695        2.0062670
  1.3805962        1.9853420
  1.3805227        1.9606980
  1.3804494        1.9481550
  1.3803759        1.9625770
  1.3803026        1.9887410
  1.3802224        2.0341570
  1.3801489        2.0871150
  1.3800757        2.1299850
  1.3800021        2.1660790
  1.3799288        2.2046770
  1.3798554        2.2667850
  1.3797820        2.3053450
  1.3797019        2.3775220
  1.3796286        2.4475870
  1.3795551        2.5507360
  1.3794817        2.6288020
  1.3794084        2.7393060
  1.3793350        2.8469210
  1.3792615        2.9261290
  1.3791883        3.0043840
  1.3791148        3.1031220
  1.3790280        3.2110400
  1.3789613        3.2539940
  1.3788880        3.2996880
  1.3788145        3.3074430
  1.3787412        3.2928120
  1.3786677        3.2706220
  1.3785944        3.2321570
  1.3785208        3.1938800
  1.3784475        3.1538730
  1.3783674        3.1101480
  1.3782942        3.0766090
  1.3782206        3.0576630
  1.3781472        3.0444360
  1.3780737        3.0388960
  1.3780005        3.0472990
  1.3779270        3.0675140
  1.3778536        3.1005600
  1.3777803        3.1643850
  1.3777070        3.1982860
  1.3776335        3.2534360
  1.3775467        3.3039220
  1.3774798        3.3417080
  1.3774067        3.3591580
  1.3773331        3.3560860
  1.3772598        3.3370210
  1.3771863        3.2945900
  1.3771129        3.2714270
  1.3770395        3.2300070
  1.3769661        3.2081340
  1.3768925        3.1515900
  1.3768193        3.1261710
  1.3767458        3.0947090
  1.3766658        3.0632520
  1.3765924        3.0432380
  1.3765189        3.0224310
  1.3764456        2.9949220
  1.3763721        2.9758280
  1.3762989        2.9553770
  1.3762254        2.9415750
  1.3761521        2.9332270
  1.3760785        2.9312590
  1.3759116        2.9416810
  1.3757450        2.9559670
  1.3755782        2.9807340
  1.3754045        3.0086920
  1.3752243        3.0616030
  1.3750442        3.1117650
  1.3748640        3.1512680
  1.3746771        3.2090080
  1.3744903        3.2654560
  1.3743035        3.3094510
  1.3741099        3.3440660
  1.3739098        3.3479330
  1.3737160        3.3174080
  1.3735094        3.2566850
  1.3733088        3.1975530
  1.3731021        3.1274610
  1.3728887        3.0741510
  1.3726750        3.0388780
  1.3724546        3.0145890
  1.3722412        3.0094690
  1.3720209        3.0190480
  1.3717941        3.0425270
  1.3715672        3.0643160
  1.3713334        3.0703780
  1.3711064        3.0605920
  1.3708595        3.0499290
  1.3706326        3.0564790
  1.3703858        3.0833770
  1.3701387        3.1111590
  1.3698984        3.1176800
  1.3696381        3.1120900
  1.3693911        3.1145850
  1.3691375        3.1359690
  1.3688838        3.1667580
  1.3686235        3.1947330
  1.3683566        3.2127870
  1.3680828        3.2308450
  1.3678223        3.2525700
  1.3675488        3.2859080
  1.3672751        3.3204780
  1.3669945        3.3470800
  1.3667143        3.3479730
  1.3664339        3.3224220
  1.3661468        3.2700370
  1.3658598        3.1997040
  1.3655662        3.1414430
  1.3652723        3.0963010
  1.3649786        3.0566420
  1.3646715        3.0350200
  1.3643778        3.0305870
  1.3640707        3.0085540
  1.3637635        2.9545970
  1.3634564        2.9050360
  1.3631425        2.8691760
  1.3628222        2.8610180
  1.3625084        2.8815110
  1.3621877        2.9177720
  1.3618607        2.9652040
  1.3615334        3.0179640
  1.3612064        3.0679910
  1.3608725        3.1005660
  1.3605387        3.1073790
  1.3601982        3.0909570
  1.3598643        3.0712160
  1.3595169        3.0650360
  1.3591698        3.1052950
  1.3588224        3.2036220
  1.3584752        3.3276290
  1.3581214        3.3905440
  1.3577675        3.3930800
  1.3574069        3.3635640
  1.3570463        3.3343240
  1.3566790        3.3005800
  1.3563118        3.2388970
  1.3559444        3.1564610
  1.3555771        3.0558250
  1.3551963        2.9465660
  1.3548224        2.8392570
  1.3544419        2.7470800
  1.3540610        2.6897090
  1.3536737        2.6826280
  1.3532863        2.7308710
  1.3528989        2.8165720
  1.3525049        2.9175720
  1.3521108        3.0160810
  1.3517101        3.0809770
  1.3513160        3.1157320
  1.3509085        3.1089100
  1.3505079        3.0700120
  1.3500937        3.0335500
  1.3496863        3.0155550
  1.3492720        3.0079770
  1.3488580        2.9798290
  1.3484371        2.9387810
  1.3480163        2.9299600
  1.3475954        2.9761790
  1.3471678        3.0732680
  1.3467404        3.1701510
  1.3463060        3.2031550
  1.3458784        3.2061420
  1.3454444        3.1903000
  1.3449966        3.1472040
  1.3445623        3.0714210
  1.3441214        2.9773210
  1.3436738        2.8891610
  1.3432261        2.8220560
  1.3427651        2.7813510
  1.3423175        2.7630390
  1.3418564        2.7691460
  1.3414088        2.8001580
  1.3409478        2.8228450
  1.3404867        2.8219070
  1.3400189        2.8267510
  1.3395513        2.8345980
  1.3390834        2.8375950
  1.3386089        2.8527310
  1.3381346        2.8848910
  1.3376534        2.9143350
  1.3371723        2.9340460
  1.3366912        2.9438200
  1.3362099        2.9447690
  1.3357222        2.9428820
  1.3352342        2.9523540
  1.3347396        2.9672950
  1.3342449        2.9868710
  1.3337505        3.0034320
  1.3332494        2.9818790
  1.3327413        2.9335000
  1.3322467        2.8890450
  1.3317387        2.8405680
  1.3312306        2.7960970
  1.3307227        2.7758380
  1.3302080        2.7817600
  1.3296867        2.8015080
  1.3291718        2.8168900
  1.3286505        2.8031440
  1.3281290        2.7630320
  1.3276077        2.7118230
  1.3270795        2.6879550
  1.3265514        2.7118130
  1.3260165        2.7371340
  1.3254818        2.7379340
  1.3249468        2.7489220
  1.3244121        2.7656750
  1.3238705        2.7730980
  1.3233222        2.7810470
  1.3227740        2.7898190
  1.3222391        2.7974770
  1.3216842        2.8047340
  1.3211358        2.8097860
  1.3205809        2.8121140
  1.3200257        2.8137000
  1.3194640        2.8143580
  1.3189091        2.8099790
  1.3183408        2.7933990
  1.3177791        2.7604900
  1.3172105        2.7182490
  1.3166422        2.6836560
  1.3160736        2.6710650
  1.3154918        2.6716320
  1.3149232        2.6812600
  1.3143414        2.6964380
  1.3137664        2.7049870
  1.3131845        2.7012000
  1.3125958        2.6866530
  1.3120073        2.6573980
  1.3114186        2.6285730
  1.3108301        2.6235850
  1.3102415        2.6332090
  1.3096461        2.6302770
  1.3090440        2.6167240
  1.3084486        2.6102340
  1.3078467        2.6098770
  1.3072445        2.6180660
  1.3066358        2.6328200
  1.3060337        2.6458500
  1.3054182        2.6614800
  1.3048093        2.6807590
  1.3041938        2.6969830
  1.3035717        2.7022350
  1.3029628        2.6941760
  1.3023406        2.6692600
  1.3017250        2.6253980
  1.3010893        2.5803810
  1.3004738        2.5615630
  1.2998380        2.5563940
  1.2992157        2.5550070
  1.2985799        2.5528420
  1.2979509        2.5539170
  1.2973153        2.5580740
  1.2966794        2.5589720
  1.2960303        2.5520030
  1.2953945        2.5467210
  1.2947453        2.5434600
  1.2941095        2.5353490
  1.2934602        2.5179310
  1.2928111        2.5094530
  1.2921618        2.5088780
  1.2915058        2.5073380
  1.2908499        2.5118220
  1.2901939        2.5158930
  1.2895380        2.5147580
  1.2888754        2.5140530
  1.2882125        2.5188600
  1.2875499        2.5263260
  1.2868870        2.5241620
  1.2862177        2.5153930
  1.2855480        2.5055880
  1.2848719        2.4959450
  1.2842025        2.4896190
  1.2835196        2.4805150
  1.2828500        2.4658660
  1.2821738        2.4549110
  1.2814908        2.4486000
  1.2808079        2.4446250
  1.2801249        2.4443910
  1.2794352        2.4385420
  1.2787521        2.4258910
  1.2780625        2.4213630
  1.2773660        2.4202980
  1.2766763        2.4157270
  1.2759797        2.4065820
  1.2752833        2.3995280
  1.2745868        2.3945480
  1.2738837        2.3857730
  1.2731736        2.3840010
  1.2724770        2.3855570
  1.2717738        2.3871760
  1.2710705        2.3933200
  1.2703604        2.3932860
  1.2696504        2.3902650
  1.2689338        2.3867990
  1.2682238        2.3777750
  1.2675002        2.3639870
  1.2667902        2.3541410
  1.2660735        2.3522110
  1.2653499        2.3525890
  1.2646263        2.3515650
  1.2639093        2.3495860
  1.2631792        2.3431840
  1.2624555        2.3310660
  1.2617253        2.3198850
  1.2609882        2.3098000
  1.2602647        2.3025360
  1.2595341        2.2986800
  1.2587972        2.2942000
  1.2580602        2.2876580
  1.2573229        2.2828960
  1.2565858        2.2777000
  1.2558419        2.2731200
  1.2550982        2.2710660
  1.2543541        2.2669720
  1.2536102        2.2635760
  1.2528597        2.2639980
  1.2521157        2.2641500
  1.2513650        2.2615730
  1.2506144        2.2574390
  1.2498568        2.2524470
  1.2491061        2.2459560
  1.2483488        2.2404620
  1.2475912        2.2354620
  1.2468272        2.2287600
  1.2460697        2.2199930
  1.2453053        2.2135460
  1.2445343        2.2077830
  1.2437769        2.2049020
  1.2430125        2.2021340
  1.2422416        2.1992680
  1.2414772        2.1912430
  1.2407062        2.1848930
  1.2399351        2.1819880
  1.2391572        2.1758890
  1.2383861        2.1684000
  1.2376086        2.1614250
  1.2368308        2.1556880
  1.2360527        2.1511780
  1.2352682        2.1455700
  1.2344897        2.1393510
  1.2337060        2.1350550
  1.2329208        2.1317820
  1.2321367        2.1317620
  1.2313510        2.1320800
  1.2305603        2.1279860
  1.2297682        2.1227870
  1.2289710        2.1165600
  1.2281857        2.1120590
  1.2273942        2.1072030
  1.2266025        2.1014530
  1.2258045        2.0947870
  1.2250064        2.0891340
  1.2242081        2.0827590
  1.2234096        2.0781820
  1.2225977        2.0734630
  1.2217989        2.0680760
  1.2210012        2.0634730
  1.2201961        2.0610480
  1.2193836        2.0558530
  1.2185794        2.0495330
  1.2177668        2.0429400
  1.2169552        2.0365710
  1.2161494        2.0312280
  1.2153376        2.0260540
  1.2145257        2.0212010
  1.2137136        2.0172160
  1.2128955        2.0140190
  1.2120703        2.0113500
  1.2112580        2.0079600
  1.2104456        2.0035550
  1.2096201        1.9974550
  1.2088016        1.9919100
  1.2079760        1.9882980
  1.2071504        1.9834550
  1.2063247        1.9787910
  1.2054990        1.9748100
  1.2046802        1.9696600
  1.2038416        1.9644340
  1.2030157        1.9602770
  1.2021899        1.9552220
  1.2013500        1.9496100
  1.2005252        1.9435820
  1.1996854        1.9374610
  1.1988594        1.9319020
  1.1980207        1.9267810
  1.1971809        1.9222930
  1.1963422        1.9181790
  1.1955025        1.9132250
  1.1946638        1.9081010
  1.1938241        1.9025900
  1.1929844        1.8973500
  1.1921447        1.8923020
  1.1912994        1.8882400
  1.1904598        1.8849450
  1.1896134        1.8808800
  1.1887671        1.8752090
  1.1879140        1.8691170
  1.1870678        1.8648100
  1.1862217        1.8597300
  1.1853688        1.8547030
  1.1845161        1.8509270
  1.1836623        1.8460620
  1.1828097        1.8414540
  1.1819561        1.8369490
  1.1811038        1.8320290
  1.1802437        1.8272660
  1.1793904        1.8220910
  1.1785306        1.8166150
  1.1776708        1.8112860
  1.1768101        1.8060910
  1.1759507        1.8010560
  1.1750903        1.7959750
  1.1742300        1.7904570
  1.1733710        1.7849850
  1.1725032        1.7798170
  1.1716301        1.7748300
  1.1707771        1.7700770
  1.1699099        1.7655840
  1.1690429        1.7613460
  1.1681694        1.7561880
  1.1673027        1.7511460
  1.1664352        1.7458660
  1.1655612        1.7413250
  1.1646951        1.7369950
  1.1638205        1.7321370
  1.1629472        1.7272650
  1.1620730        1.7220110
  1.1611991        1.7169600
  1.1603253        1.7119490
  1.1594518        1.7072550
  1.1585645        1.7026570
  1.1576969        1.6980360
  1.1568166        1.6929230
  1.1559429        1.6884240
  1.1550620        1.6834950
  1.1541750        1.6784410
  1.1533010        1.6733260
  1.1524199        1.6682160
  1.1515390        1.6629040
  1.1506509        1.6573900
  1.1497706        1.6526720
  1.1488831        1.6475450
  1.1480023        1.6429620
  1.1471143        1.6387160
  1.1462267        1.6343220
  1.1453457        1.6294740
  1.1444576        1.6242540
  1.1435699        1.6198850
  1.1426687        1.6148150
  1.1417880        1.6100300
  1.1409002        1.6052740
  1.1400053        1.6001370
  1.1391182        1.5956010
  1.1382168        1.5903290
  1.1373355        1.5856830
  1.1364338        1.5807970
  1.1355460        1.5761620
  1.1346512        1.5712430
  1.1337568        1.5664590
  1.1328556        1.5617830
  1.1319671        1.5567880
  1.1310728        1.5519670
  1.1301707        1.5468710
  1.1292761        1.5417560
  1.1283748        1.5369870
  1.1274729        1.5318560
  1.1265846        1.5273180
  1.1256825        1.5223590
  1.1247807        1.5174510
  1.1238794        1.5128050
  1.1229775        1.5079710
  1.1220761        1.5033130
  1.1211740        1.4988780
  1.1202724        1.4935910
  1.1193702        1.4892480
  1.1184685        1.4843890
  1.1175672        1.4795860
  1.1166583        1.4759530
  1.1157559        1.4703890
  1.1148409        1.4654580
  1.1139454        1.4608240
  1.1130304        1.4561060
  1.1121279        1.4514180
  1.1112258        1.4466480
  1.1103173        1.4419410
  1.1094013        1.4371890
  1.1084996        1.4326100
  1.1075906        1.4277900
  1.1066751        1.4228760
  1.1057730        1.4187400
  1.1048635        1.4135460
  1.1039486        1.4088560
  1.1030460        1.4042900
  1.1021302        1.3996850
  1.1012208        1.3950060
  1.1003051        1.3902360
  1.0993899        1.3856460
  1.0984869        1.3813900
  1.0975709        1.3765960
  1.0966622        1.3716540
  1.0957463        1.3672420
  1.0948300        1.3625440
  1.0939210        1.3583600
  1.0930049        1.3534790
  1.0920893        1.3493260
  1.0911733        1.3443090
