XDAC V1.2 Datafile V1
"fe73ga27.303" created on 6/28/02 at 10:34:59 AM on X-11A
Ring energy= 2.58 GeV
E0= 7112.00
NUM_REGIONS= 4
SRB= -200 -20 30 10k 19k
SRSS= 20 0.5 0.07k 0.07k
SPP= 1 1 2 3
Settling time= 0.50


Offsets= 10006.20 1337.40
Gains= 7.00 10.00
GaFe Sample #1029, Fe(72.74)Ga(27.26), 300K
single crystal slug, [100] face
I0: N2; If:100% Ar, Lytle detector
--------------------------------------------------------------------------------
        Energy            I0            If
    6911.98862    39920.8000      891.6000
    6932.00293    39775.8000      907.6000
    6952.01083    39520.8000      918.6000
    6972.01110    39302.8000      947.6000
    6992.00249    39178.8000      982.6000
    7012.00977    39200.8000     1041.6000
    7032.00595    39140.8000     1115.6000
    7051.98975    38824.8000     1220.6000
    7072.01286    38647.8000     1444.6000
    7091.99496    38778.8000     2062.6000
    7092.50135    38794.8000     2105.6000
    7093.00782    38809.8000     2119.6000
    7093.48770    38824.8000     2157.6000
    7093.99431    38838.8000     2185.6000
    7094.50100    38834.8000     2220.6000
    7095.00777    38840.8000     2259.6000
    7095.48793    38859.8000     2293.6000
    7095.99484    38868.8000     2330.6000
    7096.50183    38874.8000     2401.6000
    7097.00889    38869.8000     2436.6000
    7097.48933    38835.8000     2494.6000
    7097.99654    38854.8000     2536.6000
    7098.50383    38853.8000     2583.6000
    7099.01119    38845.8000     2639.6000
    7099.49192    38843.8000     2702.6000
    7099.99942    38844.8000     2780.6000
    7100.50701    38848.8000     2830.6000
    7100.98794    38848.8000     2919.6000
    7101.49568    38862.8000     2995.6000
    7102.00348    38864.8000     3074.6000
    7102.51136    38879.8000     3191.6000
    7102.99258    38889.8000     3290.6000
    7103.50061    38889.8000     3392.6000
    7104.00872    38909.8000     3527.6000
    7104.49015    38904.8000     3678.6000
    7104.99840    38926.8000     3820.6000
    7105.50673    38919.8000     4014.6000
    7105.98838    38913.8000     4223.6000
    7106.49685    38926.8000     4441.6000
    7107.00541    38918.8000     4736.6000
    7107.48726    38925.8000     5075.6000
    7107.99596    38916.8000     5513.6000
    7108.50474    38923.8000     6087.6000
    7108.98680    38920.8000     6756.6000
    7109.49573    38919.8000     7930.6000
    7110.00473    38915.8000     9601.6000
    7110.48701    38909.8000    12695.6000
    7110.99615    38877.8000    17560.6000
    7111.50538    38874.8000    23251.6000
    7111.98787    38850.8000    27422.6000
    7112.49724    38841.8000    29747.6000
    7113.00669    38828.8000    31505.6000
    7113.48939    38811.8000    32644.6000
    7113.99899    38811.8000    33786.6000
    7114.50866    38777.8000    35018.6000
    7114.99157    38773.8000    36361.6000
    7115.50139    38781.8000    38428.6000
    7116.01129    38777.8000    40605.6000
    7116.49442    38770.8000    42904.6000
    7117.00446    38772.8000    44613.6000
    7117.48773    38759.8000    46110.6000
    7117.99792    38746.8000    47633.6000
    7118.50819    38725.8000    48729.6000
    7118.99167    38716.8000    50025.6000
    7119.50209    38701.8000    51124.6000
    7120.01258    38687.8000    52189.6000
    7120.49628    38663.8000    53037.6000
    7121.00692    38587.8000    53650.6000
    7121.49076    38587.8000    54462.6000
    7122.00155    38578.8000    55143.6000
    7122.51241    38583.8000    55697.6000
    7122.99646    38573.8000    56315.6000
    7123.50748    38551.8000    56933.6000
    7123.99167    38538.8000    57363.6000
    7124.50283    38524.8000    58000.6000
    7124.98716    38507.8000    58376.6000
    7125.49848    38486.8000    58973.6000
    7126.00987    38464.8000    59487.6000
    7126.49441    38451.8000    60034.6000
    7127.00595    38435.8000    60544.6000
    7127.49064    38421.8000    60986.6000
    7128.00232    38409.8000    61388.6000
    7128.48715    38395.8000    61714.6000
    7128.99899    38373.8000    61822.6000
    7129.51090    38359.8000    61868.6000
    7129.99594    38325.8000    61805.6000
    7130.50800    38315.8000    61715.6000
    7130.99318    38299.8000    61315.6000
    7131.50540    38286.8000    61045.6000
    7131.99072    38272.8000    60656.6000
    7132.50308    38251.8000    60460.6000
    7132.98855    38263.8000    60266.6000
    7133.50106    38255.8000    60110.6000
    7133.98666    38244.8000    59998.6000
    7134.49932    38237.8000    59930.6000
    7135.01206    38235.8000    59883.6000
    7135.49788    38221.8000    59923.6000
    7136.01076    38223.8000    59973.6000
    7136.49673    38214.8000    59972.6000
    7137.00976    38221.8000    60117.6000
    7137.49587    38205.8000    60125.6000
    7138.00905    38201.8000    60212.6000
    7138.49530    38208.8000    60340.6000
    7139.00863    38193.8000    60255.6000
    7139.49502    38191.8000    60393.6000
    7140.00850    38181.8000    60429.6000
    7140.49503    38172.8000    60309.6000
    7141.00867    38184.8000    60438.6000
    7141.49534    38181.8000    60438.6000
    7143.52388    76340.6000   121403.2000
    7145.06638    76321.6000   122042.2000
    7146.66373    76261.6000   122557.2000
    7148.28891    76208.6000   122948.2000
    7149.94197    76146.6000   123003.2000
    7151.65007    76117.6000   122958.2000
    7153.38615    76082.6000   123007.2000
    7155.17740    76071.6000   122896.2000
    7156.96959    76042.6000   122868.2000
    7158.84424    76053.6000   122794.2000
    7160.71991    76063.6000   123075.2000
    7162.65101    76110.6000   123238.2000
    7164.61043    76054.6000   123271.2000
    7166.62543    76033.6000   123286.2000
    7168.64162    76074.6000   123138.2000
    7170.74080    76113.6000   122928.2000
    7172.84126    76133.6000   122511.2000
    7174.99760    76153.6000   122202.2000
    7177.18262    76147.6000   121618.2000
    7179.39637    76138.6000   121856.2000
    7181.66625    76156.6000   122017.2000
    7183.96499    76147.6000   122362.2000
    7186.29267    76184.6000   122814.2000
    7188.67674    76225.6000   123577.2000
    7191.08989    76260.6000   124276.2000
    7193.53218    76288.6000   124673.2000
    7196.03113    76299.6000   124459.2000
    7198.55939    76289.6000   124081.2000
    7201.11700    76263.6000   123481.2000
    7203.70404    76206.6000   123241.2000
    7206.34812    76108.6000   123737.2000
    7209.02180    76070.6000   125312.2000
    7211.72514    75988.6000   126993.2000
    7214.45820    75934.6000   128099.2000
    7217.24870    75853.6000   128199.2000
    7220.06911    75820.6000   127661.2000
    7222.94719    75786.6000   126342.2000
    7225.82765    75757.6000   125006.2000
    7228.76597    75710.6000   123471.2000
    7231.73453    75712.6000   122602.2000
    7234.76119    75693.6000   122237.2000
    7237.79048    75615.6000   122467.2000
    7240.87807    75573.6000   123286.2000
    7243.99626    75546.6000   123768.2000
    7247.17300    75518.6000   124176.2000
    7250.35263    75485.6000   124299.2000
    7253.59104    75482.6000   124653.2000
    7256.86040    75430.6000   125098.2000
    7260.16082    75249.6000   125198.2000
    7263.52038    75774.6000   126608.2000
    7266.88318    75795.6000   127644.2000
    7270.30534    75808.6000   128213.2000
    7273.75895    75813.6000   128662.2000
    7277.27221    75818.6000   129103.2000
    7280.78901    75786.6000   129165.2000
    7284.36569    74569.6000   126966.2000
    7287.97424    75786.6000   128660.2000
    7291.61474    75784.6000   127613.2000
    7295.28729    75748.6000   126896.2000
    7299.02027    75686.6000   126407.2000
    7302.75723    75627.6000   126303.2000
    7306.55489    75612.6000   126462.2000
    7310.38503    75558.6000   126560.2000
    7314.24778    75478.6000   126564.2000
    7318.17166    75313.6000   126535.2000
    7322.09993    75229.6000   126567.2000
    7326.08960    75088.6000   126479.2000
    7330.11235    74985.6000   126643.2000
    7334.16827    74893.6000   126975.2000
    7338.25747    74833.6000   127466.2000
    7342.38005    74762.6000   128189.2000
    7346.53613    74632.6000   128500.2000
    7350.75453    74677.6000   129227.2000
    7354.97796    74699.6000   129679.2000
    7359.26401    74722.6000   129810.2000
    7363.58406    74757.6000   129569.2000
    7367.93825    74819.6000   129177.2000
    7372.32667    74800.6000   128327.2000
    7376.74945    74783.6000   127796.2000
    7381.23567    74765.6000   127818.2000
    7385.72756    74746.6000   128096.2000
    7390.25417    74688.6000   128323.2000
    7394.84469    74614.6000   128514.2000
    7399.47024    74480.6000   128372.2000
    7404.10181    74163.6000   128129.2000
    7408.79778    70357.6000   121781.2000
    7413.52916    74696.6000   129413.2000
    7418.29608    74437.6000   129423.2000
    7423.09868    74424.6000   129575.2000
    7427.93708    74370.6000   130097.2000
    7432.81142    74297.6000   130474.2000
    7437.72182    74214.6000   130607.2000
    7442.66843    74165.6000   130833.2000
    7447.65138    74064.6000   130963.2000
    7452.67081    74025.6000   130836.2000
    7457.75644    73894.6000   130456.2000
    7462.84928    73827.6000   130393.2000
    7467.97901    73738.6000   130112.2000
    7473.14578    73641.6000   129989.2000
    7478.37950    73583.6000   129907.2000
    7483.62082    73530.6000   130002.2000
    7488.89962    73439.6000   130080.2000
    7494.21604    73355.6000   130154.2000
    7498.34315   109819.4000   195133.8000
    7503.73343   109699.4000   195224.8000
    7509.16177   109556.4000   195277.8000
    7514.62832   109457.4000   195725.8000
    7520.13324   109399.4000   195941.8000
    7525.67667   109383.4000   196172.8000
    7531.25879   109330.4000   196754.8000
    7536.87974   109139.4000   196843.8000
    7542.50940   109007.4000   197006.8000
    7548.20847   108861.4000   197400.8000
    7553.94685   108730.4000   197398.8000
    7559.69429   108569.4000   197121.8000
    7565.51177   108494.4000   197281.8000
    7571.33854   108488.4000   197413.8000
    7577.20520   108404.4000   197647.8000
    7583.11192   108331.4000   197938.8000
    7589.08955   108192.4000   197805.8000
    7595.07696   107873.4000   197557.8000
    7601.07416   107479.4000   197120.8000
    7607.14285   107105.4000   196867.8000
    7613.25248   107241.4000   197574.8000
    7619.37228   107066.4000   197719.8000
    7625.56425   106920.4000   197985.8000
    7631.76666   106763.4000   198248.8000
    7638.01062   106806.4000   198959.8000
    7644.29632   106788.4000   199950.8000
    7650.62394   106615.4000   199845.8000
    7656.99367   104102.4000   195524.8000
    7663.37440   105350.4000   197761.8000
    7669.82887   106039.4000   199293.8000
    7676.29461   105636.4000   198675.8000
    7682.80312   105518.4000   198545.8000
    7689.35459   105428.4000   198884.8000
    7695.94923   105234.4000   198676.8000
    7702.55558   105137.4000   198951.8000
    7709.23708   104911.4000   198741.8000
    7715.93058   103754.4000   196998.8000
    7722.66794   104941.4000   199528.8000
    7729.41749   104637.4000   199334.8000
    7736.24311   104526.4000   199415.8000
    7743.08121   104494.4000   199688.8000
    7749.96388   104600.4000   200278.8000
    7756.89133   104315.4000   200027.8000
    7763.83160    96209.4000   184906.8000
    7770.84918   101421.4000   195451.8000
    7777.87989   101882.4000   196686.8000
    7784.95612   101904.4000   197367.8000
    7792.04568   101784.4000   197623.8000
    7799.18107   101535.4000   197520.8000
    7806.36253   101202.4000   197004.8000
    7813.59026   100825.4000   196769.8000
    7820.86450   100551.4000   196548.8000
    7828.15276    97539.4000   191349.8000
    7835.48785   100416.4000   197056.8000
    7842.83718   100345.4000   197212.8000
    7850.26658   100062.4000   197083.8000
    7857.71055    99846.4000   197162.8000
    7865.16914    99621.4000   196872.8000
    7872.70857    99327.4000   196760.8000
    7880.26296    99056.4000   196738.8000
    7887.83235    98727.4000   196256.8000
    7895.48338    98445.4000   196352.8000
    7903.14976    98042.4000   196136.8000
    7910.86498    97689.4000   195781.8000
    7918.59578    97348.4000   195589.8000
    7926.37578    97116.4000   195415.8000
    7934.17159    96990.4000   195848.8000
    7942.05067    96555.4000   195302.8000
    7949.94593    95946.4000   194503.8000
    7957.85742    95209.4000   193385.8000
    7965.81911    94256.4000   191937.8000
    7973.83126    93570.4000   190906.8000
    7981.86007    92961.4000   189935.8000
    7989.93972    91135.4000   186799.8000
    7998.07048    92496.4000   190081.8000
    8006.21834    92191.4000   189720.8000
    8014.41770    91958.4000   189678.8000
    8022.63443    91438.4000   188960.8000
    8030.90305    90941.4000   188420.8000
    8039.18929    90259.4000   187344.8000
    8047.56247    89895.4000   187144.8000
    8055.91896    89467.4000   186706.8000
    8064.32817    89477.4000   186940.8000
    8072.79037    89403.4000   187284.8000
    8081.27092    89358.4000   187633.8000
    8089.80490    89310.4000   187922.8000
    8098.35748    88047.4000   185869.8000
    8106.96392    89236.4000   188768.8000
    8115.62449    89187.4000   189142.8000
    8124.26884    89177.4000   189512.8000
    8133.00302    89103.4000   189555.8000
    8141.75658    88952.4000   189791.8000
    8150.52960    88581.4000   189442.8000
    8159.35778    88466.4000   189723.8000
    8168.20570    88210.4000   189575.8000
    8177.10923    87519.4000   188521.8000
    8186.06867    86752.4000   187123.8000
    8195.04838    86178.4000   186312.8000
    8204.04842    85877.4000   186135.8000
    8213.10498    85888.4000   186565.8000
    8222.18218    86103.4000   187447.8000
    8231.31637    86308.4000   188383.8000
    8240.47150    86174.4000   188316.8000
    8249.68410    85993.4000   188450.8000
    8258.91795    85683.4000   188285.8000
    8268.17312    85610.4000   188759.8000
    8277.48640    85753.4000   189385.8000
    8286.82132    85796.4000   189814.8000
    8296.21484    85832.4000   190448.8000
    8305.63032    85483.4000   189949.8000
    8315.10490    85397.4000   190272.8000
    8324.60177    85230.4000   190242.8000
    8334.12100    84865.4000   190050.8000
    8343.70000    84281.4000   189282.8000
    8353.30170    83575.4000   188281.8000
    8362.96368    83068.4000   187589.8000
    8372.64869    82406.4000   186731.8000
    8382.35683    81015.4000   183885.8000
    8392.12594    81088.4000   184330.8000
    8401.91852    80575.4000   183403.8000
    8411.77260    80179.4000   183084.8000
    8421.61245    80143.4000   183128.8000
    8431.51416    80244.4000   184044.8000
    8441.47809    80333.4000   184537.8000
    8451.46627    80156.4000   184728.8000
    8461.47881    80017.4000   184783.8000
    8471.55429    79804.4000   184802.8000
    8481.61589    79370.4000   184085.8000
    8491.77949    78928.4000   183611.8000
