XDAC V1.2 Datafile V1
"fe73ga27.011" created on 6/28/02 at 4:39:39 PM on X-11A
Ring energy= 2.58 GeV
E0= 7112.00
NUM_REGIONS= 4
SRB= -200 -20 30 10k 19k
SRSS= 20 0.5 0.07k 0.07k
SPP= 1 1 2 3
Settling time= 0.50


Offsets= 10006.20 1337.40
Gains= 7.00 10.00
GaFe Sample #1029, Fe(72.74)Ga(27.26), 15K
single crystal slug, [100] face
I0: N2; If:100% Ar, Lytle detector
--------------------------------------------------------------------------------
        Energy            I0            If
    6911.98862    26667.8000      427.6000
    6932.00293    26341.8000      425.6000
    6952.01083    26327.8000      450.6000
    6972.01110    26286.8000      465.6000
    6992.00249    26284.8000      487.6000
    7012.00977    26169.8000      525.6000
    7032.00595    25992.8000      583.6000
    7051.98975    25710.8000      658.6000
    7072.01286    26167.8000      833.6000
    7091.99496    26136.8000     1290.6000
    7092.50135    26145.8000     1310.6000
    7093.00782    26133.8000     1343.6000
    7093.48770    26135.8000     1371.6000
    7093.99431    26128.8000     1388.6000
    7094.50100    26120.8000     1431.6000
    7095.00777    26119.8000     1453.6000
    7095.48793    26113.8000     1493.6000
    7095.99484    26110.8000     1510.6000
    7096.50183    26104.8000     1558.6000
    7097.00889    26096.8000     1595.6000
    7097.48933    26084.8000     1625.6000
    7097.99654    26076.8000     1679.6000
    7098.50383    26073.8000     1721.6000
    7099.01119    26080.8000     1767.6000
    7099.49192    26072.8000     1815.6000
    7099.99942    26071.8000     1861.6000
    7100.50701    26061.8000     1915.6000
    7100.98794    26049.8000     1976.6000
    7101.49568    26052.8000     2059.6000
    7102.00348    26044.8000     2139.6000
    7102.51136    26036.8000     2205.6000
    7102.99258    26013.8000     2325.6000
    7103.50061    26003.8000     2410.6000
    7104.00872    25993.8000     2533.6000
    7104.49015    25990.8000     2650.6000
    7104.99840    25990.8000     2811.6000
    7105.50673    25980.8000     3001.6000
    7105.98838    25971.8000     3185.6000
    7106.49685    25972.8000     3481.6000
    7107.00541    25957.8000     3786.6000
    7107.48726    25957.8000     4227.6000
    7107.99596    25947.8000     4883.6000
    7108.50474    25932.8000     5850.6000
    7108.98680    25927.8000     7473.6000
    7109.49573    25885.8000     8941.6000
    7110.00473    25865.8000    12506.6000
    7110.48701    25849.8000    16041.6000
    7110.99615    25832.8000    18889.6000
    7111.50538    25819.8000    20430.6000
    7111.98787    25810.8000    21665.6000
    7112.49724    25817.8000    22475.6000
    7113.00669    25814.8000    23202.6000
    7113.48939    25804.8000    24006.6000
    7113.99899    25819.8000    24983.6000
    7114.50866    25817.8000    26456.6000
    7114.99157    25811.8000    27904.6000
    7115.50139    25807.8000    29628.6000
    7116.01129    25796.8000    30943.6000
    7116.49442    25793.8000    32014.6000
    7117.00446    25775.8000    33028.6000
    7117.48773    25765.8000    33767.6000
    7117.99792    25765.8000    34708.6000
    7118.50819    25751.8000    35453.6000
    7118.99167    25754.8000    36200.6000
    7119.50209    25743.8000    36786.6000
    7120.01258    25739.8000    37275.6000
    7120.49628    25737.8000    37874.6000
    7121.00692    25728.8000    38230.6000
    7121.49076    25724.8000    38705.6000
    7122.00155    25723.8000    39186.6000
    7122.51241    25722.8000    39499.6000
    7122.99646    25715.8000    39872.6000
    7123.50748    25709.8000    40230.6000
    7123.99167    25692.8000    40658.6000
    7124.50283    25688.8000    40998.6000
    7124.98716    25692.8000    41406.6000
    7125.49848    25681.8000    41786.6000
    7126.00987    25680.8000    42198.6000
    7126.49441    25666.8000    42556.6000
    7127.00595    25648.8000    42883.6000
    7127.49064    25627.8000    43068.6000
    7128.00232    25635.8000    43263.6000
    7128.48715    25636.8000    43214.6000
    7128.99899    25631.8000    43249.6000
    7129.51090    25633.8000    43076.6000
    7129.99594    25616.8000    42883.6000
    7130.50800    25607.8000    42572.6000
    7130.99318    25594.8000    42402.6000
    7131.50540    25599.8000    42123.6000
    7131.99072    25611.8000    42010.6000
    7132.50308    25603.8000    41890.6000
    7132.98855    25600.8000    41752.6000
    7133.50106    25605.8000    41760.6000
    7133.98666    25609.8000    41770.6000
    7134.49932    25614.8000    41801.6000
    7135.01206    25617.8000    41832.6000
    7135.49788    25624.8000    41914.6000
    7136.01076    25624.8000    42045.6000
    7136.49673    25625.8000    42070.6000
    7137.00976    25636.8000    42135.6000
    7137.49587    25638.8000    42139.6000
    7138.00905    25627.8000    42154.6000
    7138.49530    25633.8000    42228.6000
    7139.00863    25636.8000    42242.6000
    7139.49502    25641.8000    42323.6000
    7140.00850    25648.8000    42265.6000
    7140.49503    25661.8000    42340.6000
    7141.00867    25664.8000    42369.6000
    7141.49534    25670.8000    42422.6000
    7143.52388    51364.6000    85529.2000
    7145.06638    51365.6000    86164.2000
    7146.66373    51379.6000    86812.2000
    7148.28891    51426.6000    86890.2000
    7149.94197    51428.6000    86847.2000
    7151.65007    51398.6000    86875.2000
    7153.38615    51433.6000    86752.2000
    7155.17740    51458.6000    86802.2000
    7156.96959    51465.6000    86882.2000
    7158.84424    51479.6000    86968.2000
    7160.71991    51483.6000    87093.2000
    7162.65101    51464.6000    87108.2000
    7164.61043    51457.6000    87346.2000
    7166.62543    51431.6000    87209.2000
    7168.64162    51402.6000    87042.2000
    7170.74080    51410.6000    86823.2000
    7172.84126    51364.6000    86363.2000
    7174.99760    51336.6000    85748.2000
    7177.18262    51318.6000    85507.2000
    7179.39637    51282.6000    85649.2000
    7181.66625    51255.6000    85825.2000
    7183.96499    51216.6000    86076.2000
    7186.29267    51209.6000    86547.2000
    7188.67674    51195.6000    87091.2000
    7191.08989    51181.6000    87596.2000
    7193.53218    51176.6000    87716.2000
    7196.03113    51173.6000    87332.2000
    7198.55939    51166.6000    86762.2000
    7201.11700    51139.6000    85988.2000
    7203.70404    51091.6000    85760.2000
    7206.34812    51059.6000    86288.2000
    7209.02180    51051.6000    88108.2000
    7211.72514    51037.6000    90073.2000
    7214.45820    51022.6000    91151.2000
    7217.24870    51034.6000    91443.2000
    7220.06911    51060.6000    90882.2000
    7222.94719    51099.6000    89561.2000
    7225.82765    51110.6000    88215.2000
    7228.76597    51166.6000    86864.2000
    7231.73453    51208.6000    86115.2000
    7234.76119    51199.6000    85949.2000
    7237.79048    51204.6000    86365.2000
    7240.87807    51246.6000    87257.2000
    7243.99626    51262.6000    87874.2000
    7247.17300    51278.6000    87929.2000
    7250.35263    51245.6000    87863.2000
    7253.59104    51212.6000    88077.2000
    7256.86040    51060.6000    88348.2000
    7260.16082    51334.6000    89391.2000
    7263.52038    51233.6000    89698.2000
    7266.88318    51199.6000    90523.2000
    7270.30534    51123.6000    91042.2000
    7273.75895    51095.6000    91597.2000
    7277.27221    51075.6000    91950.2000
    7280.78901    51035.6000    92216.2000
    7284.36569    51028.6000    92289.2000
    7287.97424    50972.6000    91415.2000
    7291.61474    50903.6000    90213.2000
    7295.28729    50838.6000    89097.2000
    7299.02027    50782.6000    88496.2000
    7302.75723    50713.6000    88235.2000
    7306.55489    50717.6000    88590.2000
    7310.38503    50717.6000    88675.2000
    7314.24778    50742.6000    88888.2000
    7318.17166    50744.6000    89171.2000
    7322.09993    50786.6000    89293.2000
    7326.08960    50799.6000    89384.2000
    7330.11235    50857.6000    89504.2000
    7334.16827    50869.6000    89877.2000
    7338.25747    50866.6000    90621.2000
    7342.38005    50872.6000    91717.2000
    7346.53613    50810.6000    92477.2000
    7350.75453    50801.6000    93378.2000
    7354.97796    50757.6000    93854.2000
    7359.26401    50704.6000    93934.2000
    7363.58406    50654.6000    93373.2000
    7367.93825    50689.6000    92432.2000
    7372.32667    50538.6000    90681.2000
    7376.74945    50563.6000    89810.2000
    7381.23567    50589.6000    89876.2000
    7385.72756    50590.6000    90526.2000
    7390.25417    50581.6000    91055.2000
    7394.84469    50524.6000    91273.2000
    7399.47024    50419.6000    91269.2000
    7404.10181    50199.6000    91217.2000
    7408.79778    50689.6000    92356.2000
    7413.52916    50652.6000    92258.2000
    7418.29608    50568.6000    92194.2000
    7423.09868    50525.6000    92360.2000
    7427.93708    50489.6000    92804.2000
    7432.81142    50459.6000    93548.2000
    7437.72182    50371.6000    94023.2000
    7442.66843    50293.6000    94357.2000
    7447.65138    50219.6000    94346.2000
    7452.67081    50175.6000    94167.2000
    7457.75644    50106.6000    93569.2000
    7462.84928    50063.6000    93076.2000
    7467.97901    50058.6000    92929.2000
    7473.14578    50067.6000    92715.2000
    7478.37950    50087.6000    92641.2000
    7483.62082    50059.6000    92803.2000
    7488.89962    50017.6000    93082.2000
    7494.21604    49926.6000    93243.2000
    7498.34315    74767.4000   140166.8000
    7503.73343    74644.4000   139989.8000
    7509.16177    74588.4000   140230.8000
    7514.62832    74525.4000   140483.8000
    7520.13324    74558.4000   141021.8000
    7525.67667    74569.4000   141361.8000
    7531.25879    74653.4000   141949.8000
    7536.87974    74586.4000   142246.8000
    7542.50940    74548.4000   142864.8000
    7548.20847    74446.4000   143184.8000
    7553.94685    74255.4000   143187.8000
    7559.69429    74049.4000   142582.8000
    7565.51177    73833.4000   141923.8000
    7571.33854    73694.4000   141336.8000
    7577.20520    73575.4000   141173.8000
    7583.11192    73473.4000   141379.8000
    7589.08955    73391.4000   141811.8000
    7595.07696    73269.4000   141884.8000
    7601.07416    73240.4000   141900.8000
    7607.14285    72518.4000   141132.8000
    7613.25248    73234.4000   142654.8000
    7619.37228    73150.4000   142929.8000
    7625.56425    73122.4000   142928.8000
    7631.76666    72763.4000   142333.8000
    7638.01062    72928.4000   143000.8000
    7644.29632    72857.4000   143297.8000
    7650.62394    72695.4000   143762.8000
    7656.99367    69860.4000   138799.8000
    7663.37440    69224.4000   138154.8000
    7669.82887    72225.4000   144524.8000
    7676.29461    72229.4000   144979.8000
    7682.80312    72198.4000   145287.8000
    7689.35459    72034.4000   145624.8000
    7695.94923    71887.4000   145136.8000
    7702.55558    71800.4000   144700.8000
    7709.23708    71689.4000   144391.8000
    7715.93058    69403.4000   139881.8000
    7722.66794    71581.4000   144534.8000
    7729.41749    71334.4000   144337.8000
    7736.24311    71203.4000   144407.8000
    7743.08121    71134.4000   144405.8000
    7749.96388    71281.4000   145045.8000
    7756.89133    70065.4000   142608.8000
    7763.83160    65847.4000   134256.8000
    7770.84918    69167.4000   141298.8000
    7777.87989    69356.4000   142253.8000
    7784.95612    69417.4000   142666.8000
    7792.04568    69394.4000   143329.8000
    7799.18107    69309.4000   143668.8000
    7806.36253    69243.4000   143625.8000
    7813.59026    69159.4000   143728.8000
    7820.86450    68969.4000   143640.8000
    7828.15276    64927.4000   135534.8000
    7835.48785    68823.4000   143903.8000
    7842.83718    68627.4000   143617.8000
    7850.26658    68416.4000   143539.8000
    7857.71055    68105.4000   142991.8000
    7865.16914    67937.4000   142838.8000
    7872.70857    67753.4000   142674.8000
    7880.26296    67629.4000   142871.8000
    7887.83235    67533.4000   142919.8000
    7895.48338    67445.4000   143121.8000
    7903.14976    67223.4000   143078.8000
    7910.86498    66801.4000   142577.8000
    7918.59578    66279.4000   141878.8000
    7926.37578    65740.4000   141154.8000
    7934.17159    65288.4000   140511.8000
    7942.05067    64952.4000   139967.8000
    7949.94593    64761.4000   140032.8000
    7957.85742    64584.4000   139919.8000
    7965.81911    64363.4000   139749.8000
    7973.83126    64042.4000   139357.8000
    7981.86007    63570.4000   138586.8000
    7989.93972    62870.4000   137355.8000
    7998.07048    62765.4000   137393.8000
    8006.21834    62494.4000   137096.8000
    8014.41770    62400.4000   137292.8000
    8022.63443    62265.4000   137222.8000
    8030.90305    62297.4000   137729.8000
    8039.18929    62363.4000   138041.8000
    8047.56247    62439.4000   138669.8000
    8055.91896    62228.4000   138389.8000
    8064.32817    62260.4000   138962.8000
    8072.79037    62332.4000   139760.8000
    8081.27092    62394.4000   140229.8000
    8089.80490    62344.4000   140454.8000
    8098.35748    61175.4000   138015.8000
    8106.96392    62096.4000   140491.8000
    8115.62449    61832.4000   140221.8000
    8124.26884    61473.4000   139707.8000
    8133.00302    61062.4000   139000.8000
    8141.75658    60551.4000   138226.8000
    8150.52960    60173.4000   137911.8000
    8159.35778    60032.4000   137657.8000
    8168.20570    60143.4000   138235.8000
    8177.10923    60262.4000   138846.8000
    8186.06867    60392.4000   139504.8000
    8195.04838    60374.4000   139820.8000
    8204.04842    60230.4000   139701.8000
    8213.10498    60070.4000   139625.8000
    8222.18218    59980.4000   139773.8000
    8231.31637    59946.4000   140229.8000
    8240.47150    60020.4000   140806.8000
    8249.68410    60105.4000   141381.8000
    8258.91795    60079.4000   141611.8000
    8268.17312    60046.4000   142006.8000
    8277.48640    59946.4000   142238.8000
    8286.82132    59728.4000   142044.8000
    8296.21484    59398.4000   141541.8000
    8305.63032    58894.4000   140692.8000
    8315.10490    58549.4000   140222.8000
    8324.60177    58175.4000   139520.8000
    8334.12100    57729.4000   138969.8000
    8343.70000    57281.4000   138039.8000
    8353.30170    56812.4000   137349.8000
    8362.96368    56603.4000   137218.8000
    8372.64869    56571.4000   137496.8000
    8382.35683    56315.4000   137372.8000
    8392.12594    56735.4000   138795.8000
    8401.91852    56806.4000   139324.8000
    8411.77260    56641.4000   139048.8000
    8421.61245    56323.4000   138653.8000
    8431.51416    56106.4000   138376.8000
    8441.47809    55772.4000   137917.8000
    8451.46627    55548.4000   137639.8000
    8461.47881    55327.4000   137517.8000
    8471.55429    54995.4000   137033.8000
    8481.61589    55026.4000   137437.8000
    8491.77949    54985.4000   137759.8000
