XDAC V1.2 Datafile V1
"fe73ga27.304" created on 6/28/02 at 10:57:30 AM on X-11A
Ring energy= 2.58 GeV
E0= 7112.00
NUM_REGIONS= 4
SRB= -200 -20 30 10k 19k
SRSS= 20 0.5 0.07k 0.07k
SPP= 1 1 2 3
Settling time= 0.50


Offsets= 10006.20 1337.40
Gains= 7.00 10.00
GaFe Sample #1029, Fe(72.74)Ga(27.26), 300K
single crystal slug, [100] face
I0: N2; If:100% Ar, Lytle detector
--------------------------------------------------------------------------------
        Energy            I0            If
    6911.98862    39693.8000      894.6000
    6932.00293    39569.8000      898.6000
    6952.01083    39258.8000      924.6000
    6972.01110    39107.8000      942.6000
    6992.00249    38996.8000      972.6000
    7012.00977    39039.8000     1026.6000
    7032.00595    38879.8000     1104.6000
    7051.98975    38598.8000     1221.6000
    7072.01286    38486.8000     1438.6000
    7091.99496    38791.8000     2059.6000
    7092.50135    38803.8000     2099.6000
    7093.00782    38802.8000     2131.6000
    7093.48770    38812.8000     2165.6000
    7093.99431    38814.8000     2183.6000
    7094.50100    38825.8000     2234.6000
    7095.00777    38837.8000     2263.6000
    7095.48793    38851.8000     2313.6000
    7095.99484    38860.8000     2345.6000
    7096.50183    38877.8000     2379.6000
    7097.00889    38870.8000     2435.6000
    7097.48933    38861.8000     2491.6000
    7097.99654    38867.8000     2528.6000
    7098.50383    38878.8000     2578.6000
    7099.01119    38878.8000     2654.6000
    7099.49192    38886.8000     2696.6000
    7099.99942    38873.8000     2786.6000
    7100.50701    38880.8000     2807.6000
    7100.98794    38869.8000     2914.6000
    7101.49568    38885.8000     3009.6000
    7102.00348    38880.8000     3082.6000
    7102.51136    38866.8000     3190.6000
    7102.99258    38870.8000     3292.6000
    7103.50061    38865.8000     3410.6000
    7104.00872    38863.8000     3519.6000
    7104.49015    38855.8000     3679.6000
    7104.99840    38861.8000     3823.6000
    7105.50673    38849.8000     4013.6000
    7105.98838    38847.8000     4230.6000
    7106.49685    38842.8000     4435.6000
    7107.00541    38840.8000     4720.6000
    7107.48726    38847.8000     5062.6000
    7107.99596    38840.8000     5493.6000
    7108.50474    38818.8000     6061.6000
    7108.98680    38817.8000     6739.6000
    7109.49573    38802.8000     7879.6000
    7110.00473    38793.8000     9564.6000
    7110.48701    38775.8000    12641.6000
    7110.99615    38754.8000    17539.6000
    7111.50538    38714.8000    23147.6000
    7111.98787    38689.8000    27217.6000
    7112.49724    38665.8000    29554.6000
    7113.00669    38664.8000    31328.6000
    7113.48939    38657.8000    32467.6000
    7113.99899    38632.8000    33598.6000
    7114.50866    38582.8000    34757.6000
    7114.99157    38551.8000    36170.6000
    7115.50139    38569.8000    38150.6000
    7116.01129    38565.8000    40335.6000
    7116.49442    38555.8000    42617.6000
    7117.00446    38540.8000    44340.6000
    7117.48773    38506.8000    45789.6000
    7117.99792    38515.8000    47230.6000
    7118.50819    38493.8000    48351.6000
    7118.99167    38481.8000    49574.6000
    7119.50209    38456.8000    50641.6000
    7120.01258    38435.8000    51764.6000
    7120.49628    38423.8000    52609.6000
    7121.00692    38416.8000    53422.6000
    7121.49076    38397.8000    54160.6000
    7122.00155    38376.8000    54776.6000
    7122.51241    38371.8000    55339.6000
    7122.99646    38349.8000    55933.6000
    7123.50748    38334.8000    56434.6000
    7123.99167    38326.8000    57001.6000
    7124.50283    38312.8000    57502.6000
    7124.98716    38302.8000    58059.6000
    7125.49848    38315.8000    58550.6000
    7126.00987    38311.8000    59094.6000
    7126.49441    38303.8000    59723.6000
    7127.00595    38285.8000    60190.6000
    7127.49064    38293.8000    60655.6000
    7128.00232    38274.8000    61091.6000
    7128.48715    38257.8000    61300.6000
    7128.99899    38240.8000    61506.6000
    7129.51090    38230.8000    61684.6000
    7129.99594    38204.8000    61498.6000
    7130.50800    38194.8000    61284.6000
    7130.99318    38174.8000    61003.6000
    7131.50540    38163.8000    60728.6000
    7131.99072    38149.8000    60399.6000
    7132.50308    38137.8000    60147.6000
    7132.98855    38127.8000    59959.6000
    7133.50106    38134.8000    59871.6000
    7133.98666    38121.8000    59737.6000
    7134.49932    38107.8000    59673.6000
    7135.01206    38067.8000    59591.6000
    7135.49788    38071.8000    59623.6000
    7136.01076    38063.8000    59602.6000
    7136.49673    38048.8000    59671.6000
    7137.00976    38053.8000    59710.6000
    7137.49587    38027.8000    59787.6000
    7138.00905    38025.8000    59835.6000
    7138.49530    38014.8000    59880.6000
    7139.00863    37996.8000    59927.6000
    7139.49502    37999.8000    59986.6000
    7140.00850    37975.8000    59953.6000
    7140.49503    37967.8000    59861.6000
    7141.00867    37966.8000    59973.6000
    7141.49534    37971.8000    59961.6000
    7143.52388    75925.6000   120461.2000
    7145.06638    75894.6000   121172.2000
    7146.66373    75853.6000   121812.2000
    7148.28891    75802.6000   122008.2000
    7149.94197    75759.6000   122157.2000
    7151.65007    75751.6000   122073.2000
    7153.38615    75735.6000   122271.2000
    7155.17740    75761.6000   122236.2000
    7156.96959    75769.6000   122257.2000
    7158.84424    75741.6000   122302.2000
    7160.71991    75842.6000   122511.2000
    7162.65101    75880.6000   122663.2000
    7164.61043    75843.6000   122913.2000
    7166.62543    75937.6000   122902.2000
    7168.64162    75962.6000   122841.2000
    7170.74080    75979.6000   122594.2000
    7172.84126    76003.6000   122185.2000
    7174.99760    75979.6000   121693.2000
    7177.18262    75965.6000   121266.2000
    7179.39637    75974.6000   121392.2000
    7181.66625    75987.6000   121606.2000
    7183.96499    76012.6000   121956.2000
    7186.29267    76068.6000   122613.2000
    7188.67674    76131.6000   123487.2000
    7191.08989    76163.6000   123993.2000
    7193.53218    76167.6000   124411.2000
    7196.03113    76178.6000   124214.2000
    7198.55939    76138.6000   123709.2000
    7201.11700    76059.6000   123130.2000
    7203.70404    75984.6000   122778.2000
    7206.34812    75913.6000   123345.2000
    7209.02180    75872.6000   124780.2000
    7211.72514    75778.6000   126256.2000
    7214.45820    75705.6000   127481.2000
    7217.24870    75656.6000   127718.2000
    7220.06911    75595.6000   127029.2000
    7222.94719    75545.6000   125918.2000
    7225.82765    75509.6000   124387.2000
    7228.76597    75456.6000   122980.2000
    7231.73453    75434.6000   121925.2000
    7234.76119    75402.6000   121624.2000
    7237.79048    75338.6000   121912.2000
    7240.87807    75335.6000   122547.2000
    7243.99626    75374.6000   123389.2000
    7247.17300    75429.6000   123834.2000
    7250.35263    75469.6000   124215.2000
    7253.59104    75467.6000   124394.2000
    7256.86040    75411.6000   124910.2000
    7260.16082    75217.6000   125074.2000
    7263.52038    75721.6000   126491.2000
    7266.88318    75712.6000   127186.2000
    7270.30534    75731.6000   127897.2000
    7273.75895    75759.6000   128526.2000
    7277.27221    75744.6000   128780.2000
    7280.78901    75711.6000   128896.2000
    7284.36569    74470.6000   126819.2000
    7287.97424    75705.6000   128330.2000
    7291.61474    75656.6000   127412.2000
    7295.28729    75552.6000   126424.2000
    7299.02027    75490.6000   125922.2000
    7302.75723    75319.6000   125533.2000
    7306.55489    75132.6000   125416.2000
    7310.38503    75099.6000   125556.2000
    7314.24778    75095.6000   125763.2000
    7318.17166    74981.6000   125741.2000
    7322.09993    74863.6000   125874.2000
    7326.08960    74757.6000   125886.2000
    7330.11235    74674.6000   125900.2000
    7334.16827    74614.6000   126214.2000
    7338.25747    74595.6000   126849.2000
    7342.38005    74560.6000   127641.2000
    7346.53613    74484.6000   128184.2000
    7350.75453    74533.6000   128955.2000
    7354.97796    74583.6000   129339.2000
    7359.26401    74644.6000   129507.2000
    7363.58406    74711.6000   129412.2000
    7367.93825    74748.6000   128905.2000
    7372.32667    74717.6000   128172.2000
    7376.74945    74665.6000   127540.2000
    7381.23567    74649.6000   127461.2000
    7385.72756    74612.6000   127670.2000
    7390.25417    74540.6000   127926.2000
    7394.84469    74406.6000   127929.2000
    7399.47024    74306.6000   128026.2000
    7404.10181    74083.6000   127827.2000
    7408.79778    70243.6000   121357.2000
    7413.52916    74546.6000   129169.2000
    7418.29608    74386.6000   129095.2000
    7423.09868    74262.6000   129272.2000
    7427.93708    74188.6000   129547.2000
    7432.81142    74170.6000   130070.2000
    7437.72182    74128.6000   130340.2000
    7442.66843    74072.6000   130638.2000
    7447.65138    73976.6000   130626.2000
    7452.67081    73932.6000   130532.2000
    7457.75644    73822.6000   130361.2000
    7462.84928    73728.6000   130191.2000
    7467.97901    73674.6000   129799.2000
    7473.14578    73549.6000   129651.2000
    7478.37950    73488.6000   129605.2000
    7483.62082    73354.6000   129523.2000
    7488.89962    73264.6000   129614.2000
    7494.21604    73200.6000   129933.2000
    7498.34315   109661.4000   194649.8000
    7503.73343   109582.4000   194787.8000
    7509.16177   109540.4000   195089.8000
    7514.62832   109468.4000   195398.8000
    7520.13324   109365.4000   195678.8000
    7525.67667   109161.4000   195690.8000
    7531.25879   109039.4000   195881.8000
    7536.87974   108875.4000   196044.8000
    7542.50940   108801.4000   196439.8000
    7548.20847   108841.4000   197087.8000
    7553.94685   108828.4000   197378.8000
    7559.69429   108765.4000   197314.8000
    7565.51177   108758.4000   197507.8000
    7571.33854   108746.4000   197788.8000
    7577.20520   108587.4000   197675.8000
    7583.11192   108374.4000   197578.8000
    7589.08955   108170.4000   197434.8000
    7595.07696   107803.4000   197203.8000
    7601.07416   107642.4000   197381.8000
    7607.14285   107081.4000   196584.8000
    7613.25248   107286.4000   197479.8000
    7619.37228   107126.4000   197569.8000
    7625.56425   107001.4000   197893.8000
    7631.76666   106852.4000   198067.8000
    7638.01062   106878.4000   198981.8000
    7644.29632   106817.4000   199776.8000
    7650.62394   106627.4000   199650.8000
    7656.99367   104033.4000   195065.8000
    7663.37440   105354.4000   197517.8000
    7669.82887   106119.4000   199192.8000
    7676.29461   105919.4000   199029.8000
    7682.80312   105874.4000   199272.8000
    7689.35459   105851.4000   199364.8000
    7695.94923   105733.4000   199442.8000
    7702.55558   105625.4000   199587.8000
    7709.23708   105433.4000   199516.8000
    7715.93058   104253.4000   197540.8000
    7722.66794   105396.4000   200076.8000
    7729.41749   105173.4000   200168.8000
    7736.24311   105103.4000   200325.8000
    7743.08121   105015.4000   200537.8000
    7749.96388   104973.4000   200905.8000
    7756.89133   104494.4000   200293.8000
    7763.83160    96505.4000   185424.8000
    7770.84918   101870.4000   196124.8000
    7777.87989   102313.4000   197436.8000
    7784.95612   102232.4000   197700.8000
    7792.04568   102103.4000   198113.8000
    7799.18107   101695.4000   197574.8000
    7806.36253   101313.4000   197262.8000
    7813.59026   101034.4000   196952.8000
    7820.86450   100861.4000   196982.8000
    7828.15276    97975.4000   191763.8000
    7835.48785   100823.4000   197684.8000
    7842.83718   100646.4000   197698.8000
    7850.26658   100393.4000   197490.8000
    7857.71055   100135.4000   197589.8000
    7865.16914    99904.4000   197414.8000
    7872.70857    99642.4000   197303.8000
    7880.26296    99436.4000   197278.8000
    7887.83235    99092.4000   196964.8000
    7895.48338    98768.4000   196879.8000
    7903.14976    98360.4000   196404.8000
    7910.86498    98098.4000   196293.8000
    7918.59578    97896.4000   196289.8000
    7926.37578    97859.4000   196914.8000
    7934.17159    97486.4000   196487.8000
    7942.05067    96668.4000   195354.8000
    7949.94593    95820.4000   193926.8000
    7957.85742    94972.4000   192751.8000
    7965.81911    94285.4000   191796.8000
    7973.83126    93766.4000   191114.8000
    7981.86007    93360.4000   190730.8000
    7989.93972    91674.4000   187641.8000
    7998.07048    93003.4000   190757.8000
    8006.21834    92712.4000   190759.8000
    8014.41770    92182.4000   189874.8000
    8022.63443    91389.4000   188621.8000
    8030.90305    90884.4000   187952.8000
    8039.18929    90498.4000   187690.8000
    8047.56247    90379.4000   187871.8000
    8055.91896    90105.4000   187660.8000
    8064.32817    90093.4000   188138.8000
    8072.79037    90080.4000   188523.8000
    8081.27092    90034.4000   188896.8000
    8089.80490    89943.4000   189209.8000
    8098.35748    88761.4000   187211.8000
    8106.96392    90032.4000   190181.8000
    8115.62449    89983.4000   190439.8000
    8124.26884    89914.4000   190819.8000
    8133.00302    89783.4000   191042.8000
    8141.75658    89633.4000   190950.8000
    8150.52960    89394.4000   190938.8000
    8159.35778    88908.4000   190286.8000
    8168.20570    88445.4000   189817.8000
    8177.10923    87689.4000   188476.8000
    8186.06867    87078.4000   187661.8000
    8195.04838    86752.4000   187330.8000
    8204.04842    86725.4000   187598.8000
    8213.10498    86959.4000   188573.8000
    8222.18218    87110.4000   189347.8000
    8231.31637    87033.4000   189536.8000
    8240.47150    86856.4000   189540.8000
    8249.68410    86687.4000   189766.8000
    8258.91795    86566.4000   189918.8000
    8268.17312    86689.4000   190838.8000
    8277.48640    86947.4000   191703.8000
    8286.82132    86843.4000   191831.8000
    8296.21484    86605.4000   191799.8000
    8305.63032    86299.4000   191555.8000
    8315.10490    86077.4000   191580.8000
    8324.60177    85848.4000   191513.8000
    8334.12100    85352.4000   190957.8000
    8343.70000    84690.4000   189918.8000
    8353.30170    83969.4000   188780.8000
    8362.96368    83369.4000   188007.8000
    8372.64869    82665.4000   187155.8000
    8382.35683    81333.4000   184656.8000
    8392.12594    81465.4000   185007.8000
    8401.91852    81119.4000   184605.8000
    8411.77260    81044.4000   184875.8000
    8421.61245    81269.4000   185916.8000
    8431.51416    81427.4000   186582.8000
    8441.47809    81264.4000   186554.8000
    8451.46627    81161.4000   186738.8000
    8461.47881    80897.4000   186648.8000
    8471.55429    80471.4000   186074.8000
    8481.61589    80049.4000   185410.8000
    8491.77949    79607.4000   185049.8000
