XDAC V1.2 Datafile V1
"fe73ga27.201" created on 6/28/02 at 10:59:39 PM on X-11A
Ring energy= 2.58 GeV
E0= 7112.00
NUM_REGIONS= 4
SRB= -200 -20 30 10k 19k
SRSS= 20 0.5 0.07k 0.07k
SPP= 1 1 2 3
Settling time= 0.50


Offsets= 10004.00 1332.20
Gains= 7.00 10.00
GaFe Sample #1029, Fe(72.74)Ga(27.26), 200K
single crystal slug, [100] face
I0: N2; If:100% Ar, Lytle detector
--------------------------------------------------------------------------------
        Energy            I0            If
    6911.98862    33541.0000      576.8000
    6932.00293    33412.0000      582.8000
    6952.01083    33280.0000      607.8000
    6972.01110    32994.0000      615.8000
    6992.00249    32842.0000      645.8000
    7012.00977    32830.0000      678.8000
    7032.00595    32787.0000      741.8000
    7051.98975    32521.0000      827.8000
    7072.01286    32279.0000      992.8000
    7091.99496    32304.0000     1442.8000
    7092.50135    32316.0000     1480.8000
    7093.00782    32328.0000     1497.8000
    7093.48770    32322.0000     1532.8000
    7093.99431    32336.0000     1537.8000
    7094.50100    32335.0000     1581.8000
    7095.00777    32353.0000     1599.8000
    7095.48793    32360.0000     1629.8000
    7095.99484    32360.0000     1664.8000
    7096.50183    32364.0000     1685.8000
    7097.00889    32352.0000     1729.8000
    7097.48933    32372.0000     1750.8000
    7097.99654    32373.0000     1818.8000
    7098.50383    32368.0000     1834.8000
    7099.01119    32387.0000     1898.8000
    7099.49192    32358.0000     1938.8000
    7099.99942    32341.0000     1975.8000
    7100.50701    32329.0000     2021.8000
    7100.98794    32355.0000     2068.8000
    7101.49568    32372.0000     2145.8000
    7102.00348    32377.0000     2193.8000
    7102.51136    32365.0000     2255.8000
    7102.99258    32391.0000     2336.8000
    7103.50061    32380.0000     2427.8000
    7104.00872    32388.0000     2521.8000
    7104.49015    32379.0000     2610.8000
    7104.99840    32365.0000     2705.8000
    7105.50673    32370.0000     2836.8000
    7105.98838    32381.0000     2981.8000
    7106.49685    32370.0000     3133.8000
    7107.00541    32370.0000     3341.8000
    7107.48726    32366.0000     3563.8000
    7107.99596    32364.0000     3833.8000
    7108.50474    32364.0000     4175.8000
    7108.98680    32373.0000     4621.8000
    7109.49573    32375.0000     5196.8000
    7110.00473    32359.0000     6203.8000
    7110.48701    32364.0000     7656.8000
    7110.99615    32348.0000    10163.8000
    7111.50538    32343.0000    14418.8000
    7111.98787    32354.0000    18167.8000
    7112.49724    32322.0000    21390.8000
    7113.00669    32313.0000    23098.8000
    7113.48939    32297.0000    24194.8000
    7113.99899    32290.0000    25173.8000
    7114.50866    32291.0000    25973.8000
    7114.99157    32281.0000    26942.8000
    7115.50139    32288.0000    28028.8000
    7116.01129    32304.0000    29771.8000
    7116.49442    32304.0000    31625.8000
    7117.00446    32278.0000    33230.8000
    7117.48773    32276.0000    34527.8000
    7117.99792    32279.0000    35686.8000
    7118.50819    32250.0000    36882.8000
    7118.99167    32271.0000    37731.8000
    7119.50209    32267.0000    38698.8000
    7120.01258    32240.0000    39610.8000
    7120.49628    32206.0000    40203.8000
    7121.00692    32212.0000    40952.8000
    7121.49076    32225.0000    41562.8000
    7122.00155    32222.0000    42077.8000
    7122.51241    32209.0000    42632.8000
    7122.99646    32195.0000    43091.8000
    7123.50748    32193.0000    43516.8000
    7123.99167    32170.0000    43863.8000
    7124.50283    32158.0000    44371.8000
    7124.98716    32150.0000    44744.8000
    7125.49848    32127.0000    45117.8000
    7126.00987    32112.0000    45551.8000
    7126.49441    32101.0000    45996.8000
    7127.00595    32097.0000    46429.8000
    7127.49064    32088.0000    46770.8000
    7128.00232    32080.0000    47177.8000
    7128.48715    32063.0000    47498.8000
    7128.99899    32034.0000    47721.8000
    7129.51090    32025.0000    47941.8000
    7129.99594    32005.0000    47869.8000
    7130.50800    31994.0000    47800.8000
    7130.99318    31978.0000    47587.8000
    7131.50540    31967.0000    47301.8000
    7131.99072    31949.0000    47080.8000
    7132.50308    31951.0000    46824.8000
    7132.98855    31929.0000    46601.8000
    7133.50106    31939.0000    46478.8000
    7133.98666    31929.0000    46294.8000
    7134.49932    31926.0000    46253.8000
    7135.01206    31913.0000    46264.8000
    7135.49788    31898.0000    46205.8000
    7136.01076    31898.0000    46143.8000
    7136.49673    31878.0000    46182.8000
    7137.00976    31890.0000    46330.8000
    7137.49587    31888.0000    46361.8000
    7138.00905    31873.0000    46366.8000
    7138.49530    31872.0000    46454.8000
    7139.00863    31868.0000    46576.8000
    7139.49502    31861.0000    46618.8000
    7140.00850    31853.0000    46590.8000
    7140.49503    31845.0000    46540.8000
    7141.00867    31849.0000    46564.8000
    7141.49534    31846.0000    46624.8000
    7143.52388    63659.0000    93529.6000
    7145.06638    63622.0000    94157.6000
    7146.66373    63571.0000    94651.6000
    7148.28891    63507.0000    94914.6000
    7149.94197    63485.0000    95003.6000
    7151.65007    63454.0000    94966.6000
    7153.38615    63417.0000    95019.6000
    7155.17740    63340.0000    94881.6000
    7156.96959    63275.0000    94743.6000
    7158.84424    63279.0000    94780.6000
    7160.71991    63296.0000    94792.6000
    7162.65101    63334.0000    95019.6000
    7164.61043    63356.0000    95259.6000
    7166.62543    63360.0000    95227.6000
    7168.64162    63358.0000    95123.6000
    7170.74080    63255.0000    94854.6000
    7172.84126    63262.0000    94504.6000
    7174.99760    63310.0000    94214.6000
    7177.18262    63320.0000    93905.6000
    7179.39637    63318.0000    93784.6000
    7181.66625    63290.0000    94023.6000
    7183.96499    63256.0000    94173.6000
    7186.29267    63214.0000    94424.6000
    7188.67674    63211.0000    94944.6000
    7191.08989    63215.0000    95481.6000
    7193.53218    63255.0000    96025.6000
    7196.03113    63235.0000    95747.6000
    7198.55939    63246.0000    95354.6000
    7201.11700    63229.0000    94767.6000
    7203.70404    63213.0000    94383.6000
    7206.34812    63168.0000    94637.6000
    7209.02180    63117.0000    95949.6000
    7211.72514    63092.0000    97690.6000
    7214.45820    63047.0000    99027.6000
    7217.24870    62982.0000    99428.6000
    7220.06911    62912.0000    98980.6000
    7222.94719    62847.0000    97838.6000
    7225.82765    62789.0000    96450.6000
    7228.76597    62784.0000    95075.6000
    7231.73453    62827.0000    94093.6000
    7234.76119    62814.0000    93811.6000
    7237.79048    62776.0000    93940.6000
    7240.87807    62724.0000    94428.6000
    7243.99626    62747.0000    95164.6000
    7247.17300    62695.0000    95487.6000
    7250.35263    62651.0000    95624.6000
    7253.59104    62469.0000    95574.6000
    7256.86040    62355.0000    95838.6000
    7260.16082    60431.0000    93304.6000
    7263.52038    62602.0000    96977.6000
    7266.88318    62560.0000    97763.6000
    7270.30534    62562.0000    98490.6000
    7273.75895    62578.0000    98934.6000
    7277.27221    62636.0000    99469.6000
    7280.78901    62639.0000    99571.6000
    7284.36569    61373.0000    97763.6000
    7287.97424    62644.0000    99384.6000
    7291.61474    62604.0000    98495.6000
    7295.28729    62538.0000    97458.6000
    7299.02027    62515.0000    96994.6000
    7302.75723    62450.0000    96692.6000
    7306.55489    62394.0000    96762.6000
    7310.38503    62374.0000    96889.6000
    7314.24778    62327.0000    96933.6000
    7318.17166    62285.0000    96988.6000
    7322.09993    62220.0000    97132.6000
    7326.08960    62133.0000    97139.6000
    7330.11235    62074.0000    97088.6000
    7334.16827    62041.0000    97493.6000
    7338.25747    61968.0000    97936.6000
    7342.38005    61922.0000    98681.6000
    7346.53613    61841.0000    99337.6000
    7350.75453    61816.0000    99808.6000
    7354.97796    61807.0000   100415.6000
    7359.26401    61822.0000   100641.6000
    7363.58406    61854.0000   100278.6000
    7367.93825    61891.0000    99901.6000
    7372.32667    61862.0000    99005.6000
    7376.74945    61888.0000    98158.6000
    7381.23567    61847.0000    98053.6000
    7385.72756    61811.0000    98226.6000
    7390.25417    61743.0000    98476.6000
    7394.84469    61631.0000    98715.6000
    7399.47024    61398.0000    98517.6000
    7404.10181    61112.0000    98335.6000
    7408.79778    54559.0000    87953.6000
    7413.52916    61607.0000    99564.6000
    7418.29608    61409.0000    99280.6000
    7423.09868    61304.0000    99320.6000
    7427.93708    61205.0000    99674.6000
    7432.81142    61144.0000   100173.6000
    7437.72182    61043.0000   100432.6000
    7442.66843    61050.0000   100871.6000
    7447.65138    61024.0000   101006.6000
    7452.67081    60969.0000   100917.6000
    7457.75644    60889.0000   100687.6000
    7462.84928    60823.0000   100265.6000
    7467.97901    60751.0000   100015.6000
    7473.14578    60649.0000    99832.6000
    7478.37950    60555.0000    99711.6000
    7483.62082    60472.0000    99561.6000
    7488.89962    60367.0000    99649.6000
    7494.21604    60251.0000    99760.6000
    7498.34315    90021.0000   149277.4000
    7503.73343    89957.0000   149351.4000
    7509.16177    89810.0000   149592.4000
    7514.62832    89758.0000   149648.4000
    7520.13324    89598.0000   149870.4000
    7525.67667    89484.0000   150076.4000
    7531.25879    89388.0000   150316.4000
    7536.87974    89178.0000   150373.4000
    7542.50940    89026.0000   150527.4000
    7548.20847    88976.0000   151021.4000
    7553.94685    88858.0000   151085.4000
    7559.69429    88745.0000   151123.4000
    7565.51177    88704.0000   150889.4000
    7571.33854    88754.0000   150878.4000
    7577.20520    88786.0000   151214.4000
    7583.11192    88728.0000   151505.4000
    7589.08955    88603.0000   151350.4000
    7595.07696    88337.0000   151333.4000
    7601.07416    88112.0000   151140.4000
    7607.14285    87788.0000   150875.4000
    7613.25248    87793.0000   151189.4000
    7619.37228    87532.0000   151020.4000
    7625.56425    87410.0000   151073.4000
    7631.76666    87200.0000   150874.4000
    7638.01062    86968.0000   150846.4000
    7644.29632    87013.0000   151390.4000
    7650.62394    86789.0000   151419.4000
    7656.99367    86160.0000   150800.4000
    7663.37440    86209.0000   151402.4000
    7669.82887    86201.0000   151842.4000
    7676.29461    85979.0000   151681.4000
    7682.80312    85928.0000   151773.4000
    7689.35459    85785.0000   151817.4000
    7695.94923    85680.0000   151742.4000
    7702.55558    85621.0000   151855.4000
    7709.23708    85485.0000   151939.4000
    7715.93058    84820.0000   150939.4000
    7722.66794    85696.0000   152991.4000
    7729.41749    85447.0000   152797.4000
    7736.24311    85271.0000   152776.4000
    7743.08121    85288.0000   152994.4000
    7749.96388    85278.0000   153270.4000
    7756.89133    85512.0000   154115.4000
    7763.83160    78426.0000   141511.4000
    7770.84918    82445.0000   149113.4000
    7777.87989    82904.0000   150423.4000
    7784.95612    82858.0000   150888.4000
    7792.04568    82731.0000   151002.4000
    7799.18107    82555.0000   151099.4000
    7806.36253    82248.0000   150658.4000
    7813.59026    81940.0000   150417.4000
    7820.86450    81607.0000   150109.4000
    7828.15276    80287.0000   148028.4000
    7835.48785    81547.0000   150689.4000
    7842.83718    81393.0000   150660.4000
    7850.26658    81251.0000   150642.4000
    7857.71055    81103.0000   150708.4000
    7865.16914    80921.0000   150734.4000
    7872.70857    80668.0000   150525.4000
    7880.26296    80445.0000   150405.4000
    7887.83235    80159.0000   150261.4000
    7895.48338    79944.0000   150216.4000
    7903.14976    79602.0000   149953.4000
    7910.86498    79327.0000   149771.4000
    7918.59578    79079.0000   149758.4000
    7926.37578    78954.0000   149656.4000
    7934.17159    78873.0000   150080.4000
    7942.05067    78583.0000   149886.4000
    7949.94593    78139.0000   149357.4000
    7957.85742    77539.0000   148569.4000
    7965.81911    76723.0000   147305.4000
    7973.83126    76008.0000   146290.4000
    7981.86007    75386.0000   145403.4000
    7989.93972    74311.0000   143653.4000
    7998.07048    74740.0000   144905.4000
    8006.21834    74574.0000   144938.4000
    8014.41770    74327.0000   144660.4000
    8022.63443    73793.0000   143958.4000
    8030.90305    73451.0000   143566.4000
    8039.18929    72902.0000   142868.4000
    8047.56247    72551.0000   142483.4000
    8055.91896    72099.0000   142084.4000
    8064.32817    72041.0000   142409.4000
    8072.79037    71825.0000   142289.4000
    8081.27092    71880.0000   142727.4000
    8089.80490    71792.0000   142907.4000
    8098.35748    71106.0000   141871.4000
    8106.96392    71468.0000   142965.4000
    8115.62449    71285.0000   142896.4000
    8124.26884    71293.0000   143233.4000
    8133.00302    71310.0000   143622.4000
    8141.75658    71265.0000   143896.4000
    8150.52960    71187.0000   144116.4000
    8159.35778    71145.0000   144358.4000
    8168.20570    71038.0000   144545.4000
    8177.10923    70586.0000   143747.4000
    8186.06867    70023.0000   142998.4000
    8195.04838    69573.0000   142216.4000
    8204.04842    69267.0000   141979.4000
    8213.10498    69278.0000   142506.4000
    8222.18218    69404.0000   143275.4000
    8231.31637    69575.0000   143993.4000
    8240.47150    69326.0000   143762.4000
    8249.68410    69256.0000   144044.4000
    8258.91795    69067.0000   143856.4000
    8268.17312    68961.0000   144258.4000
    8277.48640    69019.0000   144826.4000
    8286.82132    68961.0000   144844.4000
    8296.21484    68964.0000   145182.4000
    8305.63032    68723.0000   145098.4000
    8315.10490    68474.0000   144919.4000
    8324.60177    68445.0000   145095.4000
    8334.12100    68305.0000   145329.4000
    8343.70000    67930.0000   144821.4000
    8353.30170    67469.0000   144153.4000
    8362.96368    67058.0000   143778.4000
    8372.64869    66576.0000   143049.4000
    8382.35683    65747.0000   141866.4000
    8392.12594    65526.0000   141820.4000
    8401.91852    65116.0000   141040.4000
    8411.77260    64643.0000   140496.4000
    8421.61245    64613.0000   140614.4000
    8431.51416    64753.0000   141233.4000
    8441.47809    64813.0000   141863.4000
    8451.46627    64772.0000   141981.4000
    8461.47881    64537.0000   141849.4000
    8471.55429    64287.0000   141636.4000
    8481.61589    63895.0000   141109.4000
    8491.77949    63267.0000   140132.4000
