XDAC V1.2 Datafile V1
"fe73ga27.202" created on 6/28/02 at 11:18:48 PM on X-11A
Ring energy= 2.58 GeV
E0= 7112.00
NUM_REGIONS= 4
SRB= -200 -20 30 10k 19k
SRSS= 20 0.5 0.07k 0.07k
SPP= 1 1 2 3
Settling time= 0.50


Offsets= 10004.00 1332.20
Gains= 7.00 10.00
GaFe Sample #1029, Fe(72.74)Ga(27.26), 200K
single crystal slug, [100] face
I0: N2; If:100% Ar, Lytle detector
--------------------------------------------------------------------------------
        Energy            I0            If
    6911.98862    32341.0000      556.8000
    6932.00293    32208.0000      560.8000
    6952.01083    32097.0000      594.8000
    6972.01110    31829.0000      604.8000
    6992.00249    31673.0000      624.8000
    7012.00977    31631.0000      654.8000
    7032.00595    31643.0000      723.8000
    7051.98975    31393.0000      792.8000
    7072.01286    31161.0000      963.8000
    7091.99496    31156.0000     1410.8000
    7092.50135    31176.0000     1427.8000
    7093.00782    31180.0000     1444.8000
    7093.48770    31175.0000     1475.8000
    7093.99431    31183.0000     1484.8000
    7094.50100    31174.0000     1524.8000
    7095.00777    31161.0000     1544.8000
    7095.48793    31109.0000     1569.8000
    7095.99484    31149.0000     1602.8000
    7096.50183    31157.0000     1639.8000
    7097.00889    31170.0000     1676.8000
    7097.48933    31170.0000     1693.8000
    7097.99654    31152.0000     1735.8000
    7098.50383    31148.0000     1778.8000
    7099.01119    31156.0000     1806.8000
    7099.49192    31149.0000     1857.8000
    7099.99942    31166.0000     1903.8000
    7100.50701    31164.0000     1939.8000
    7100.98794    31167.0000     1991.8000
    7101.49568    31170.0000     2075.8000
    7102.00348    31173.0000     2141.8000
    7102.51136    31197.0000     2173.8000
    7102.99258    31191.0000     2256.8000
    7103.50061    31195.0000     2345.8000
    7104.00872    31206.0000     2417.8000
    7104.49015    31191.0000     2526.8000
    7104.99840    31196.0000     2635.8000
    7105.50673    31199.0000     2750.8000
    7105.98838    31202.0000     2860.8000
    7106.49685    31208.0000     3054.8000
    7107.00541    31197.0000     3210.8000
    7107.48726    31191.0000     3418.8000
    7107.99596    31197.0000     3703.8000
    7108.50474    31200.0000     4001.8000
    7108.98680    31194.0000     4433.8000
    7109.49573    31171.0000     5036.8000
    7110.00473    31170.0000     5979.8000
    7110.48701    31126.0000     7326.8000
    7110.99615    31119.0000     9783.8000
    7111.50538    31118.0000    13798.8000
    7111.98787    31104.0000    17437.8000
    7112.49724    31074.0000    20491.8000
    7113.00669    31060.0000    22177.8000
    7113.48939    31061.0000    23286.8000
    7113.99899    31098.0000    24250.8000
    7114.50866    31137.0000    24995.8000
    7114.99157    31135.0000    25936.8000
    7115.50139    31140.0000    27057.8000
    7116.01129    31130.0000    28665.8000
    7116.49442    31133.0000    30382.8000
    7117.00446    31128.0000    31979.8000
    7117.48773    31140.0000    33314.8000
    7117.99792    31116.0000    34395.8000
    7118.50819    31089.0000    35426.8000
    7118.99167    31052.0000    36312.8000
    7119.50209    31069.0000    37263.8000
    7120.01258    31072.0000    38081.8000
    7120.49628    31085.0000    38759.8000
    7121.00692    31074.0000    39452.8000
    7121.49076    31075.0000    39991.8000
    7122.00155    31044.0000    40623.8000
    7122.51241    31041.0000    41079.8000
    7122.99646    31026.0000    41437.8000
    7123.50748    31028.0000    41890.8000
    7123.99167    31016.0000    42279.8000
    7124.50283    31005.0000    42761.8000
    7124.98716    30982.0000    43087.8000
    7125.49848    30974.0000    43496.8000
    7126.00987    30965.0000    43880.8000
    7126.49441    30965.0000    44272.8000
    7127.00595    30961.0000    44701.8000
    7127.49064    30951.0000    45001.8000
    7128.00232    30930.0000    45499.8000
    7128.48715    30915.0000    45755.8000
    7128.99899    30893.0000    45950.8000
    7129.51090    30888.0000    46077.8000
    7129.99594    30884.0000    46170.8000
    7130.50800    30856.0000    45996.8000
    7130.99318    30842.0000    45784.8000
    7131.50540    30822.0000    45584.8000
    7131.99072    30801.0000    45254.8000
    7132.50308    30797.0000    45090.8000
    7132.98855    30785.0000    44876.8000
    7133.50106    30785.0000    44758.8000
    7133.98666    30774.0000    44583.8000
    7134.49932    30789.0000    44532.8000
    7135.01206    30760.0000    44506.8000
    7135.49788    30765.0000    44462.8000
    7136.01076    30761.0000    44397.8000
    7136.49673    30748.0000    44516.8000
    7137.00976    30745.0000    44568.8000
    7137.49587    30743.0000    44682.8000
    7138.00905    30738.0000    44711.8000
    7138.49530    30738.0000    44798.8000
    7139.00863    30727.0000    44797.8000
    7139.49502    30731.0000    44887.8000
    7140.00850    30718.0000    44870.8000
    7140.49503    30715.0000    44808.8000
    7141.00867    30705.0000    44825.8000
    7141.49534    30716.0000    44881.8000
    7143.52388    61394.0000    90038.6000
    7145.06638    61386.0000    90622.6000
    7146.66373    61337.0000    91228.6000
    7148.28891    61249.0000    91365.6000
    7149.94197    61225.0000    91650.6000
    7151.65007    61171.0000    91405.6000
    7153.38615    61137.0000    91459.6000
    7155.17740    61073.0000    91243.6000
    7156.96959    61040.0000    91187.6000
    7158.84424    61011.0000    91298.6000
    7160.71991    61009.0000    91290.6000
    7162.65101    60871.0000    91163.6000
    7164.61043    60895.0000    91455.6000
    7166.62543    60928.0000    91550.6000
    7168.64162    60901.0000    91428.6000
    7170.74080    60898.0000    91353.6000
    7172.84126    60909.0000    90888.6000
    7174.99760    60898.0000    90479.6000
    7177.18262    60925.0000    90234.6000
    7179.39637    60927.0000    90154.6000
    7181.66625    60933.0000    90237.6000
    7183.96499    60933.0000    90522.6000
    7186.29267    60902.0000    90935.6000
    7188.67674    60864.0000    91396.6000
    7191.08989    60871.0000    91784.6000
    7193.53218    60889.0000    92209.6000
    7196.03113    60925.0000    92172.6000
    7198.55939    60906.0000    91801.6000
    7201.11700    60888.0000    91150.6000
    7203.70404    60849.0000    90794.6000
    7206.34812    60812.0000    91006.6000
    7209.02180    60794.0000    92410.6000
    7211.72514    60727.0000    93981.6000
    7214.45820    60699.0000    95062.6000
    7217.24870    60639.0000    95575.6000
    7220.06911    60505.0000    95166.6000
    7222.94719    60527.0000    94139.6000
    7225.82765    60496.0000    92907.6000
    7228.76597    60462.0000    91485.6000
    7231.73453    60456.0000    90497.6000
    7234.76119    60421.0000    90061.6000
    7237.79048    60356.0000    90286.6000
    7240.87807    60301.0000    90775.6000
    7243.99626    60256.0000    91387.6000
    7247.17300    60207.0000    91654.6000
    7250.35263    60110.0000    91574.6000
    7253.59104    60069.0000    91758.6000
    7256.86040    59967.0000    91939.6000
    7260.16082    58088.0000    89514.6000
    7263.52038    60275.0000    93391.6000
    7266.88318    60253.0000    93956.6000
    7270.30534    60233.0000    94650.6000
    7273.75895    60267.0000    95126.6000
    7277.27221    60338.0000    95742.6000
    7280.78901    60312.0000    95878.6000
    7284.36569    59083.0000    93997.6000
    7287.97424    60281.0000    95398.6000
    7291.61474    60253.0000    94622.6000
    7295.28729    60129.0000    93607.6000
    7299.02027    60138.0000    93141.6000
    7302.75723    60086.0000    92867.6000
    7306.55489    60062.0000    92980.6000
    7310.38503    60038.0000    93136.6000
    7314.24778    59972.0000    93143.6000
    7318.17166    59905.0000    93274.6000
    7322.09993    59826.0000    93311.6000
    7326.08960    59738.0000    93254.6000
    7330.11235    59693.0000    93436.6000
    7334.16827    59644.0000    93556.6000
    7338.25747    59560.0000    94022.6000
    7342.38005    59509.0000    94750.6000
    7346.53613    59416.0000    95254.6000
    7350.75453    59400.0000    95962.6000
    7354.97796    59370.0000    96459.6000
    7359.26401    59373.0000    96554.6000
    7363.58406    59409.0000    96418.6000
    7367.93825    59461.0000    95817.6000
    7372.32667    59439.0000    95008.6000
    7376.74945    59433.0000    94250.6000
    7381.23567    59402.0000    94068.6000
    7385.72756    59401.0000    94305.6000
    7390.25417    59371.0000    94709.6000
    7394.84469    59261.0000    94840.6000
    7399.47024    59133.0000    94852.6000
    7404.10181    58859.0000    94609.6000
    7408.79778    52462.0000    84519.6000
    7413.52916    59325.0000    95698.6000
    7418.29608    59125.0000    95548.6000
    7423.09868    59034.0000    95667.6000
    7427.93708    58944.0000    96010.6000
    7432.81142    58878.0000    96236.6000
    7437.72182    58789.0000    96687.6000
    7442.66843    58677.0000    96895.6000
    7447.65138    58609.0000    97010.6000
    7452.67081    58561.0000    96856.6000
    7457.75644    58431.0000    96543.6000
    7462.84928    58359.0000    96168.6000
    7467.97901    58281.0000    95936.6000
    7473.14578    58175.0000    95779.6000
    7478.37950    58080.0000    95455.6000
    7483.62082    58009.0000    95468.6000
    7488.89962    57921.0000    95604.6000
    7494.21604    57798.0000    95564.6000
    7498.34315    86524.0000   143423.4000
    7503.73343    86344.0000   143348.4000
    7509.16177    86178.0000   143323.4000
    7514.62832    86097.0000   143534.4000
    7520.13324    85995.0000   143774.4000
    7525.67667    85941.0000   144007.4000
    7531.25879    85860.0000   144321.4000
    7536.87974    85491.0000   144172.4000
    7542.50940    85465.0000   144525.4000
    7548.20847    85406.0000   144876.4000
    7553.94685    85261.0000   144843.4000
    7559.69429    85086.0000   144795.4000
    7565.51177    85012.0000   144504.4000
    7571.33854    85058.0000   144526.4000
    7577.20520    85081.0000   144749.4000
    7583.11192    85016.0000   144876.4000
    7589.08955    84893.0000   144991.4000
    7595.07696    84671.0000   144893.4000
    7601.07416    84432.0000   144678.4000
    7607.14285    84104.0000   144404.4000
    7613.25248    84125.0000   144738.4000
    7619.37228    83886.0000   144719.4000
    7625.56425    83672.0000   144444.4000
    7631.76666    83565.0000   144550.4000
    7638.01062    83639.0000   144912.4000
    7644.29632    83663.0000   145431.4000
    7650.62394    83591.0000   145731.4000
    7656.99367    83092.0000   145305.4000
    7663.37440    83173.0000   145872.4000
    7669.82887    83157.0000   146409.4000
    7676.29461    82967.0000   146388.4000
    7682.80312    82882.0000   146367.4000
    7689.35459    82790.0000   146338.4000
    7695.94923    82405.0000   145897.4000
    7702.55558    82253.0000   145889.4000
    7709.23708    82073.0000   145726.4000
    7715.93058    81358.0000   144800.4000
    7722.66794    82165.0000   146461.4000
    7729.41749    81917.0000   146313.4000
    7736.24311    81829.0000   146530.4000
    7743.08121    81688.0000   146489.4000
    7749.96388    81883.0000   147020.4000
    7756.89133    82193.0000   147871.4000
    7763.83160    75360.0000   135945.4000
    7770.84918    79176.0000   143118.4000
    7777.87989    79571.0000   144079.4000
    7784.95612    79544.0000   144692.4000
    7792.04568    79489.0000   145037.4000
    7799.18107    79109.0000   144651.4000
    7806.36253    79002.0000   144603.4000
    7813.59026    78718.0000   144441.4000
    7820.86450    78428.0000   144247.4000
    7828.15276    77125.0000   142131.4000
    7835.48785    78328.0000   144519.4000
    7842.83718    78194.0000   144700.4000
    7850.26658    78081.0000   144833.4000
    7857.71055    77898.0000   144621.4000
    7865.16914    77720.0000   144598.4000
    7872.70857    77476.0000   144450.4000
    7880.26296    77225.0000   144380.4000
    7887.83235    76917.0000   144083.4000
    7895.48338    76657.0000   143973.4000
    7903.14976    76315.0000   143585.4000
    7910.86498    76030.0000   143626.4000
    7918.59578    75722.0000   143174.4000
    7926.37578    75554.0000   143404.4000
    7934.17159    75438.0000   143549.4000
    7942.05067    75174.0000   143331.4000
    7949.94593    74836.0000   142940.4000
    7957.85742    74299.0000   142173.4000
    7965.81911    73602.0000   141358.4000
    7973.83126    72930.0000   140376.4000
    7981.86007    72269.0000   139393.4000
    7989.93972    71196.0000   137504.4000
    7998.07048    71604.0000   138720.4000
    8006.21834    71442.0000   138711.4000
    8014.41770    71285.0000   138699.4000
    8022.63443    70710.0000   137871.4000
    8030.90305    70463.0000   137700.4000
    8039.18929    69921.0000   136958.4000
    8047.56247    69483.0000   136575.4000
    8055.91896    68980.0000   135782.4000
    8064.32817    68891.0000   136231.4000
    8072.79037    68790.0000   136213.4000
    8081.27092    68706.0000   136336.4000
    8089.80490    68599.0000   136468.4000
    8098.35748    68038.0000   135561.4000
    8106.96392    68428.0000   136893.4000
    8115.62449    68306.0000   136889.4000
    8124.26884    68306.0000   137250.4000
    8133.00302    68338.0000   137504.4000
    8141.75658    68406.0000   138069.4000
    8150.52960    68188.0000   137919.4000
    8159.35778    68128.0000   138016.4000
    8168.20570    68060.0000   138298.4000
    8177.10923    67677.0000   137991.4000
    8186.06867    67094.0000   137011.4000
    8195.04838    66570.0000   136115.4000
    8204.04842    66208.0000   135908.4000
    8213.10498    66120.0000   136050.4000
    8222.18218    66209.0000   136605.4000
    8231.31637    66418.0000   137393.4000
    8240.47150    66415.0000   137673.4000
    8249.68410    66367.0000   138082.4000
    8258.91795    66224.0000   138050.4000
    8268.17312    66165.0000   138356.4000
    8277.48640    66236.0000   138903.4000
    8286.82132    66176.0000   138895.4000
    8296.21484    66004.0000   139034.4000
    8305.63032    66033.0000   139345.4000
    8315.10490    65703.0000   139058.4000
    8324.60177    65810.0000   139577.4000
    8334.12100    65689.0000   139726.4000
    8343.70000    65288.0000   139151.4000
    8353.30170    64761.0000   138350.4000
    8362.96368    64318.0000   137909.4000
    8372.64869    63870.0000   137209.4000
    8382.35683    63049.0000   136007.4000
    8392.12594    62808.0000   135909.4000
    8401.91852    62401.0000   135097.4000
    8411.77260    61889.0000   134217.4000
    8421.61245    61764.0000   134463.4000
    8431.51416    61859.0000   134988.4000
    8441.47809    61934.0000   135526.4000
    8451.46627    61919.0000   135790.4000
    8461.47881    61731.0000   135730.4000
    8471.55429    61506.0000   135619.4000
    8481.61589    61179.0000   135124.4000
    8491.77949    60689.0000   134371.4000
