XDAC V1.2 Datafile V1
"fe73ga27.100" created on 6/28/02 at 5:36:01 PM on X-11A
Ring energy= 2.58 GeV
E0= 7112.00
NUM_REGIONS= 4
SRB= -200 -20 30 10k 19k
SRSS= 20 0.5 0.07k 0.07k
SPP= 1 1 2 3
Settling time= 0.50


Offsets= 10006.20 1337.40
Gains= 7.00 10.00
GaFe Sample #1029, Fe(72.74)Ga(27.26), 100K
single crystal slug, [100] face
I0: N2; If:100% Ar, Lytle detector
--------------------------------------------------------------------------------
        Energy            I0            If
    6911.98862    24619.8000      384.6000
    6932.00293    24381.8000      389.6000
    6952.01083    24320.8000      410.6000
    6972.01110    24277.8000      420.6000
    6992.00249    24287.8000      453.6000
    7012.00977    24189.8000      483.6000
    7032.00595    24016.8000      529.6000
    7051.98975    23808.8000      601.6000
    7072.01286    24082.8000      771.6000
    7091.99496    24126.8000     1201.6000
    7092.50135    24135.8000     1225.6000
    7093.00782    24134.8000     1240.6000
    7093.48770    24130.8000     1251.6000
    7093.99431    24122.8000     1277.6000
    7094.50100    24122.8000     1310.6000
    7095.00777    24116.8000     1346.6000
    7095.48793    24114.8000     1358.6000
    7095.99484    24106.8000     1380.6000
    7096.50183    24109.8000     1411.6000
    7097.00889    24087.8000     1444.6000
    7097.48933    24081.8000     1474.6000
    7097.99654    24074.8000     1525.6000
    7098.50383    24059.8000     1550.6000
    7099.01119    24069.8000     1595.6000
    7099.49192    24068.8000     1651.6000
    7099.99942    24069.8000     1687.6000
    7100.50701    24072.8000     1749.6000
    7100.98794    24076.8000     1791.6000
    7101.49568    24080.8000     1854.6000
    7102.00348    24081.8000     1925.6000
    7102.51136    24084.8000     1976.6000
    7102.99258    24077.8000     2055.6000
    7103.50061    24072.8000     2135.6000
    7104.00872    24074.8000     2243.6000
    7104.49015    24075.8000     2354.6000
    7104.99840    24063.8000     2445.6000
    7105.50673    24062.8000     2605.6000
    7105.98838    24048.8000     2733.6000
    7106.49685    24043.8000     2940.6000
    7107.00541    24031.8000     3150.6000
    7107.48726    23996.8000     3423.6000
    7107.99596    23995.8000     3792.6000
    7108.50474    23996.8000     4251.6000
    7108.98680    23993.8000     4985.6000
    7109.49573    23984.8000     6022.6000
    7110.00473    23967.8000     8108.6000
    7110.48701    23948.8000    11138.6000
    7110.99615    23934.8000    14957.6000
    7111.50538    23918.8000    17868.6000
    7111.98787    23900.8000    19444.6000
    7112.49724    23885.8000    20594.6000
    7113.00669    23874.8000    21439.6000
    7113.48939    23866.8000    22144.6000
    7113.99899    23860.8000    22909.6000
    7114.50866    23860.8000    23761.6000
    7114.99157    23858.8000    25087.6000
    7115.50139    23851.8000    26552.6000
    7116.01129    23841.8000    28190.6000
    7116.49442    23834.8000    29400.6000
    7117.00446    23827.8000    30531.6000
    7117.48773    23815.8000    31467.6000
    7117.99792    23805.8000    32267.6000
    7118.50819    23805.8000    33136.6000
    7118.99167    23789.8000    33741.6000
    7119.50209    23777.8000    34528.6000
    7120.01258    23762.8000    35142.6000
    7120.49628    23755.8000    35625.6000
    7121.00692    23741.8000    36126.6000
    7121.49076    23749.8000    36592.6000
    7122.00155    23739.8000    37054.6000
    7122.51241    23749.8000    37390.6000
    7122.99646    23743.8000    37717.6000
    7123.50748    23744.8000    38126.6000
    7123.99167    23746.8000    38495.6000
    7124.50283    23745.8000    38856.6000
    7124.98716    23739.8000    39253.6000
    7125.49848    23734.8000    39534.6000
    7126.00987    23723.8000    40021.6000
    7126.49441    23713.8000    40308.6000
    7127.00595    23689.8000    40674.6000
    7127.49064    23670.8000    40941.6000
    7128.00232    23670.8000    41181.6000
    7128.48715    23661.8000    41352.6000
    7128.99899    23654.8000    41382.6000
    7129.51090    23648.8000    41307.6000
    7129.99594    23625.8000    41187.6000
    7130.50800    23620.8000    40928.6000
    7130.99318    23611.8000    40699.6000
    7131.50540    23602.8000    40495.6000
    7131.99072    23598.8000    40262.6000
    7132.50308    23587.8000    40117.6000
    7132.98855    23592.8000    39970.6000
    7133.50106    23589.8000    39938.6000
    7133.98666    23590.8000    39842.6000
    7134.49932    23590.8000    39817.6000
    7135.01206    23596.8000    39875.6000
    7135.49788    23594.8000    39904.6000
    7136.01076    23596.8000    39917.6000
    7136.49673    23598.8000    40053.6000
    7137.00976    23600.8000    40149.6000
    7137.49587    23594.8000    40116.6000
    7138.00905    23600.8000    40228.6000
    7138.49530    23607.8000    40269.6000
    7139.00863    23602.8000    40317.6000
    7139.49502    23613.8000    40312.6000
    7140.00850    23622.8000    40430.6000
    7140.49503    23628.8000    40440.6000
    7141.00867    23643.8000    40416.6000
    7141.49534    23637.8000    40500.6000
    7143.52388    47307.6000    81542.2000
    7145.06638    47328.6000    82155.2000
    7146.66373    47355.6000    82605.2000
    7148.28891    47371.6000    82907.2000
    7149.94197    47413.6000    83103.2000
    7151.65007    47452.6000    83093.2000
    7153.38615    47489.6000    83032.2000
    7155.17740    47510.6000    83122.2000
    7156.96959    47523.6000    83186.2000
    7158.84424    47540.6000    83303.2000
    7160.71991    47561.6000    83338.2000
    7162.65101    47559.6000    83678.2000
    7164.61043    47571.6000    83587.2000
    7166.62543    47559.6000    83608.2000
    7168.64162    47534.6000    83419.2000
    7170.74080    47545.6000    83301.2000
    7172.84126    47520.6000    82904.2000
    7174.99760    47505.6000    82450.2000
    7177.18262    47479.6000    82146.2000
    7179.39637    47455.6000    82155.2000
    7181.66625    47414.6000    82226.2000
    7183.96499    47362.6000    82556.2000
    7186.29267    47272.6000    82834.2000
    7188.67674    47270.6000    83249.2000
    7191.08989    47280.6000    83781.2000
    7193.53218    47239.6000    83817.2000
    7196.03113    47227.6000    83593.2000
    7198.55939    47216.6000    83047.2000
    7201.11700    47188.6000    82459.2000
    7203.70404    47151.6000    82153.2000
    7206.34812    47123.6000    82693.2000
    7209.02180    47092.6000    84197.2000
    7211.72514    47080.6000    85816.2000
    7214.45820    47034.6000    86964.2000
    7217.24870    47024.6000    87268.2000
    7220.06911    47012.6000    86639.2000
    7222.94719    47041.6000    85674.2000
    7225.82765    47050.6000    84300.2000
    7228.76597    47115.6000    83133.2000
    7231.73453    47115.6000    82259.2000
    7234.76119    47200.6000    82284.2000
    7237.79048    47226.6000    82707.2000
    7240.87807    47262.6000    83383.2000
    7243.99626    47272.6000    84057.2000
    7247.17300    47295.6000    84345.2000
    7250.35263    47266.6000    84251.2000
    7253.59104    47226.6000    84479.2000
    7256.86040    47115.6000    84639.2000
    7260.16082    47381.6000    85648.2000
    7263.52038    47287.6000    85920.2000
    7266.88318    47247.6000    86574.2000
    7270.30534    47188.6000    87206.2000
    7273.75895    47177.6000    87698.2000
    7277.27221    47175.6000    87970.2000
    7280.78901    47169.6000    88242.2000
    7284.36569    46930.6000    87832.2000
    7287.97424    47099.6000    87565.2000
    7291.61474    47043.6000    86529.2000
    7295.28729    46932.6000    85447.2000
    7299.02027    46800.6000    84656.2000
    7302.75723    46746.6000    84458.2000
    7306.55489    46708.6000    84658.2000
    7310.38503    46694.6000    84749.2000
    7314.24778    46697.6000    84902.2000
    7318.17166    46698.6000    85031.2000
    7322.09993    46705.6000    85329.2000
    7326.08960    46711.6000    85317.2000
    7330.11235    46732.6000    85375.2000
    7334.16827    46803.6000    85923.2000
    7338.25747    46827.6000    86716.2000
    7342.38005    46836.6000    87643.2000
    7346.53613    46819.6000    88316.2000
    7350.75453    46850.6000    89151.2000
    7354.97796    46796.6000    89535.2000
    7359.26401    46786.6000    89725.2000
    7363.58406    46760.6000    89331.2000
    7367.93825    46721.6000    88427.2000
    7372.32667    46656.6000    87184.2000
    7376.74945    46651.6000    86293.2000
    7381.23567    46629.6000    86146.2000
    7385.72756    46626.6000    86682.2000
    7390.25417    46611.6000    87094.2000
    7394.84469    46563.6000    87418.2000
    7399.47024    46475.6000    87321.2000
    7404.10181    46265.6000    87216.2000
    7408.79778    46447.6000    87794.2000
    7413.52916    46679.6000    88242.2000
    7418.29608    46597.6000    88264.2000
    7423.09868    46561.6000    88365.2000
    7427.93708    46526.6000    88827.2000
    7432.81142    46478.6000    89279.2000
    7437.72182    46427.6000    89878.2000
    7442.66843    46373.6000    90161.2000
    7447.65138    46306.6000    90175.2000
    7452.67081    46245.6000    90066.2000
    7457.75644    46117.6000    89405.2000
    7462.84928    45994.6000    88921.2000
    7467.97901    45997.6000    88756.2000
    7473.14578    45978.6000    88649.2000
    7478.37950    45969.6000    88585.2000
    7483.62082    45955.6000    88583.2000
    7488.89962    45926.6000    88890.2000
    7494.21604    45860.6000    89092.2000
    7498.34315    68651.4000   133447.8000
    7503.73343    68556.4000   133354.8000
    7509.16177    68442.4000   133564.8000
    7514.62832    68365.4000   133896.8000
    7520.13324    68374.4000   134293.8000
    7525.67667    68391.4000   134557.8000
    7531.25879    68529.4000   135143.8000
    7536.87974    68520.4000   135710.8000
    7542.50940    68571.4000   136387.8000
    7548.20847    68525.4000   136889.8000
    7553.94685    68405.4000   136836.8000
    7559.69429    68215.4000   136424.8000
    7565.51177    67976.4000   135698.8000
    7571.33854    67822.4000   135303.8000
    7577.20520    67678.4000   135143.8000
    7583.11192    67537.4000   135077.8000
    7589.08955    67400.4000   135376.8000
    7595.07696    67250.4000   135241.8000
    7601.07416    67187.4000   135236.8000
    7607.14285    66745.4000   134706.8000
    7613.25248    67185.4000   135899.8000
    7619.37228    67151.4000   136274.8000
    7625.56425    67081.4000   136304.8000
    7631.76666    66920.4000   136138.8000
    7638.01062    66938.4000   136481.8000
    7644.29632    66835.4000   136698.8000
    7650.62394    66691.4000   136830.8000
    7656.99367    64130.4000   132170.8000
    7663.37440    64913.4000   134371.8000
    7669.82887    66390.4000   138013.8000
    7676.29461    66318.4000   138473.8000
    7682.80312    66300.4000   138747.8000
    7689.35459    66172.4000   138755.8000
    7695.94923    66040.4000   138165.8000
    7702.55558    65949.4000   137521.8000
    7709.23708    65820.4000   137473.8000
    7715.93058    64472.4000   134858.8000
    7722.66794    65870.4000   137951.8000
    7729.41749    65550.4000   137645.8000
    7736.24311    65448.4000   137710.8000
    7743.08121    65284.4000   137643.8000
    7749.96388    65497.4000   138288.8000
    7756.89133    64879.4000   137249.8000
    7763.83160    60490.4000   128111.8000
    7770.84918    63641.4000   135192.8000
    7777.87989    63798.4000   135896.8000
    7784.95612    63783.4000   136328.8000
    7792.04568    63731.4000   136539.8000
    7799.18107    63535.4000   136558.8000
    7806.36253    63475.4000   136678.8000
    7813.59026    63461.4000   136869.8000
    7820.86450    63292.4000   136939.8000
    7828.15276    60072.4000   130044.8000
    7835.48785    63154.4000   137085.8000
    7842.83718    63008.4000   137036.8000
    7850.26658    62835.4000   136954.8000
    7857.71055    62637.4000   136694.8000
    7865.16914    62472.4000   136651.8000
    7872.70857    62299.4000   136637.8000
    7880.26296    62158.4000   136446.8000
    7887.83235    62061.4000   136563.8000
    7895.48338    62003.4000   136813.8000
    7903.14976    61899.4000   136935.8000
    7910.86498    61624.4000   136586.8000
    7918.59578    61186.4000   136119.8000
    7926.37578    60668.4000   135332.8000
    7934.17159    60153.4000   134388.8000
    7942.05067    59765.4000   133887.8000
    7949.94593    59414.4000   133438.8000
    7957.85742    59279.4000   133555.8000
    7965.81911    59155.4000   133570.8000
    7973.83126    58931.4000   133308.8000
    7981.86007    58626.4000   132772.8000
    7989.93972    57502.4000   130599.8000
    7998.07048    57883.4000   131851.8000
    8006.21834    57538.4000   131264.8000
    8014.41770    57343.4000   131108.8000
    8022.63443    57184.4000   131087.8000
    8030.90305    57213.4000   131321.8000
    8039.18929    57199.4000   131772.8000
    8047.56247    57229.4000   132101.8000
    8055.91896    57024.4000   131884.8000
    8064.32817    57001.4000   132313.8000
    8072.79037    56977.4000   132736.8000
    8081.27092    57044.4000   133182.8000
    8089.80490    57042.4000   133492.8000
    8098.35748    55746.4000   130832.8000
    8106.96392    56986.4000   134048.8000
    8115.62449    56784.4000   133881.8000
    8124.26884    56598.4000   133816.8000
    8133.00302    56315.4000   133484.8000
    8141.75658    55891.4000   132768.8000
    8150.52960    55468.4000   131999.8000
    8159.35778    55170.4000   131564.8000
    8168.20570    55142.4000   131912.8000
    8177.10923    55161.4000   132180.8000
    8186.06867    55176.4000   132541.8000
    8195.04838    55314.4000   133163.8000
    8204.04842    55188.4000   133161.8000
    8213.10498    55107.4000   133351.8000
    8222.18218    54987.4000   133405.8000
    8231.31637    54920.4000   133628.8000
    8240.47150    54947.4000   134056.8000
    8249.68410    55061.4000   134678.8000
    8258.91795    55114.4000   135126.8000
    8268.17312    55150.4000   135608.8000
    8277.48640    55037.4000   135711.8000
    8286.82132    54895.4000   135695.8000
    8296.21484    54652.4000   135335.8000
    8305.63032    54335.4000   134950.8000
    8315.10490    54016.4000   134481.8000
    8324.60177    53681.4000   134039.8000
    8334.12100    53272.4000   133370.8000
    8343.70000    52850.4000   132570.8000
    8353.30170    52371.4000   131615.8000
    8362.96368    52062.4000   131282.8000
    8372.64869    51854.4000   130966.8000
    8382.35683    51401.4000   130191.8000
    8392.12594    51952.4000   132187.8000
    8401.91852    52112.4000   133060.8000
    8411.77260    52055.4000   133078.8000
    8421.61245    51888.4000   132872.8000
    8431.51416    51723.4000   132761.8000
    8441.47809    51439.4000   132482.8000
    8451.46627    51248.4000   132329.8000
    8461.47881    51024.4000   132107.8000
    8471.55429    50749.4000   131694.8000
    8481.61589    50577.4000   131464.8000
    8491.77949    50368.4000   131309.8000
