XDAC V1.2 Datafile V1
"fe73ga27.012" created on 6/28/02 at 4:58:53 PM on X-11A
Ring energy= 2.58 GeV
E0= 7112.00
NUM_REGIONS= 4
SRB= -200 -20 30 10k 19k
SRSS= 20 0.5 0.07k 0.07k
SPP= 1 1 2 3
Settling time= 0.50


Offsets= 10006.20 1337.40
Gains= 7.00 10.00
GaFe Sample #1029, Fe(72.74)Ga(27.26), 15K
single crystal slug, [100] face
I0: N2; If:100% Ar, Lytle detector
--------------------------------------------------------------------------------
        Energy            I0            If
    6911.98862    25984.8000      406.6000
    6932.00293    25704.8000      419.6000
    6952.01083    25679.8000      435.6000
    6972.01110    25631.8000      452.6000
    6992.00249    25639.8000      479.6000
    7012.00977    25493.8000      505.6000
    7032.00595    25317.8000      556.6000
    7051.98975    25062.8000      626.6000
    7072.01286    25468.8000      807.6000
    7091.99496    25448.8000     1237.6000
    7092.50135    25441.8000     1269.6000
    7093.00782    25440.8000     1289.6000
    7093.48770    25440.8000     1313.6000
    7093.99431    25431.8000     1335.6000
    7094.50100    25421.8000     1362.6000
    7095.00777    25415.8000     1398.6000
    7095.48793    25420.8000     1416.6000
    7095.99484    25405.8000     1462.6000
    7096.50183    25400.8000     1484.6000
    7097.00889    25391.8000     1511.6000
    7097.48933    25387.8000     1546.6000
    7097.99654    25363.8000     1549.6000
    7098.50383    25355.8000     1610.6000
    7099.01119    25362.8000     1654.6000
    7099.49192    25351.8000     1700.6000
    7099.99942    25356.8000     1740.6000
    7100.50701    25350.8000     1795.6000
    7100.98794    25349.8000     1837.6000
    7101.49568    25352.8000     1905.6000
    7102.00348    25348.8000     1962.6000
    7102.51136    25342.8000     2044.6000
    7102.99258    25331.8000     2109.6000
    7103.50061    25323.8000     2185.6000
    7104.00872    25322.8000     2291.6000
    7104.49015    25318.8000     2405.6000
    7104.99840    25313.8000     2506.6000
    7105.50673    25298.8000     2677.6000
    7105.98838    25295.8000     2799.6000
    7106.49685    25299.8000     2998.6000
    7107.00541    25297.8000     3231.6000
    7107.48726    25297.8000     3492.6000
    7107.99596    25292.8000     3892.6000
    7108.50474    25295.8000     4384.6000
    7108.98680    25297.8000     5130.6000
    7109.49573    25286.8000     6237.6000
    7110.00473    25278.8000     8414.6000
    7110.48701    25264.8000    11619.6000
    7110.99615    25244.8000    15454.6000
    7111.50538    25233.8000    18388.6000
    7111.98787    25198.8000    19806.6000
    7112.49724    25184.8000    21051.6000
    7113.00669    25185.8000    21872.6000
    7113.48939    25181.8000    22577.6000
    7113.99899    25175.8000    23344.6000
    7114.50866    25165.8000    24278.6000
    7114.99157    25159.8000    25609.6000
    7115.50139    25152.8000    27103.6000
    7116.01129    25139.8000    28793.6000
    7116.49442    25137.8000    30038.6000
    7117.00446    25122.8000    31085.6000
    7117.48773    25108.8000    32111.6000
    7117.99792    25102.8000    32914.6000
    7118.50819    25092.8000    33699.6000
    7118.99167    25084.8000    34435.6000
    7119.50209    25077.8000    35151.6000
    7120.01258    25067.8000    35795.6000
    7120.49628    25068.8000    36337.6000
    7121.00692    25049.8000    36876.6000
    7121.49076    25053.8000    37189.6000
    7122.00155    25039.8000    37709.6000
    7122.51241    25035.8000    38018.6000
    7122.99646    25037.8000    38437.6000
    7123.50748    25026.8000    38845.6000
    7123.99167    25018.8000    39132.6000
    7124.50283    25012.8000    39514.6000
    7124.98716    25000.8000    39882.6000
    7125.49848    24990.8000    40221.6000
    7126.00987    24983.8000    40666.6000
    7126.49441    24994.8000    41071.6000
    7127.00595    24975.8000    41376.6000
    7127.49064    24946.8000    41661.6000
    7128.00232    24951.8000    41865.6000
    7128.48715    24961.8000    42063.6000
    7128.99899    24956.8000    42144.6000
    7129.51090    24953.8000    42171.6000
    7129.99594    24949.8000    41976.6000
    7130.50800    24938.8000    41767.6000
    7130.99318    24929.8000    41566.6000
    7131.50540    24924.8000    41267.6000
    7131.99072    24918.8000    41084.6000
    7132.50308    24923.8000    40974.6000
    7132.98855    24932.8000    40831.6000
    7133.50106    24929.8000    40706.6000
    7133.98666    24927.8000    40752.6000
    7134.49932    24942.8000    40649.6000
    7135.01206    24939.8000    40679.6000
    7135.49788    24941.8000    40707.6000
    7136.01076    24949.8000    40853.6000
    7136.49673    24953.8000    40853.6000
    7137.00976    24956.8000    40897.6000
    7137.49587    24952.8000    40976.6000
    7138.00905    24954.8000    41135.6000
    7138.49530    24964.8000    41116.6000
    7139.00863    24965.8000    41173.6000
    7139.49502    24968.8000    41209.6000
    7140.00850    24971.8000    41244.6000
    7140.49503    24973.8000    41200.6000
    7141.00867    24988.8000    41284.6000
    7141.49534    24978.8000    41281.6000
    7143.52388    50005.6000    83168.2000
    7145.06638    50008.6000    83770.2000
    7146.66373    49969.6000    84162.2000
    7148.28891    50020.6000    84506.2000
    7149.94197    50064.6000    84807.2000
    7151.65007    50065.6000    84649.2000
    7153.38615    50091.6000    84580.2000
    7155.17740    50097.6000    84521.2000
    7156.96959    50089.6000    84627.2000
    7158.84424    50097.6000    84703.2000
    7160.71991    50115.6000    84725.2000
    7162.65101    50098.6000    84825.2000
    7164.61043    50095.6000    84953.2000
    7166.62543    50075.6000    84936.2000
    7168.64162    50049.6000    84840.2000
    7170.74080    50054.6000    84711.2000
    7172.84126    50012.6000    84198.2000
    7174.99760    49997.6000    83686.2000
    7177.18262    49963.6000    83384.2000
    7179.39637    49923.6000    83475.2000
    7181.66625    49903.6000    83481.2000
    7183.96499    49864.6000    83812.2000
    7186.29267    49860.6000    84253.2000
    7188.67674    49830.6000    84669.2000
    7191.08989    49828.6000    85158.2000
    7193.53218    49811.6000    85339.2000
    7196.03113    49802.6000    85036.2000
    7198.55939    49786.6000    84499.2000
    7201.11700    49758.6000    83817.2000
    7203.70404    49733.6000    83428.2000
    7206.34812    49720.6000    83961.2000
    7209.02180    49711.6000    85607.2000
    7211.72514    49729.6000    87587.2000
    7214.45820    49728.6000    88811.2000
    7217.24870    49734.6000    89184.2000
    7220.06911    49759.6000    88655.2000
    7222.94719    49808.6000    87477.2000
    7225.82765    49847.6000    86229.2000
    7228.76597    49894.6000    84838.2000
    7231.73453    49941.6000    84085.2000
    7234.76119    49950.6000    83802.2000
    7237.79048    49899.6000    84173.2000
    7240.87807    49889.6000    84908.2000
    7243.99626    49917.6000    85506.2000
    7247.17300    49889.6000    85668.2000
    7250.35263    49817.6000    85439.2000
    7253.59104    49773.6000    85694.2000
    7256.86040    49658.6000    85894.2000
    7260.16082    49923.6000    86927.2000
    7263.52038    49854.6000    87222.2000
    7266.88318    49853.6000    88102.2000
    7270.30534    49791.6000    88839.2000
    7273.75895    49782.6000    89235.2000
    7277.27221    49788.6000    89543.2000
    7280.78901    49777.6000    89867.2000
    7284.36569    49526.6000    89530.2000
    7287.97424    49689.6000    89270.2000
    7291.61474    49620.6000    87948.2000
    7295.28729    49505.6000    86932.2000
    7299.02027    49471.6000    86308.2000
    7302.75723    49429.6000    86085.2000
    7306.55489    49398.6000    86192.2000
    7310.38503    49402.6000    86446.2000
    7314.24778    49426.6000    86640.2000
    7318.17166    49430.6000    86793.2000
    7322.09993    49446.6000    87048.2000
    7326.08960    49466.6000    87151.2000
    7330.11235    49513.6000    87124.2000
    7334.16827    49567.6000    87638.2000
    7338.25747    49577.6000    88285.2000
    7342.38005    49561.6000    89239.2000
    7346.53613    49519.6000    90110.2000
    7350.75453    49509.6000    90925.2000
    7354.97796    49489.6000    91511.2000
    7359.26401    49428.6000    91569.2000
    7363.58406    49331.6000    91077.2000
    7367.93825    49312.6000    90043.2000
    7372.32667    49255.6000    88571.2000
    7376.74945    49222.6000    87471.2000
    7381.23567    49214.6000    87327.2000
    7385.72756    49194.6000    87963.2000
    7390.25417    49175.6000    88478.2000
    7394.84469    49117.6000    88674.2000
    7399.47024    49048.6000    88759.2000
    7404.10181    48852.6000    88764.2000
    7408.79778    48998.6000    89251.2000
    7413.52916    49217.6000    89678.2000
    7418.29608    49142.6000    89574.2000
    7423.09868    49109.6000    89776.2000
    7427.93708    49077.6000    90265.2000
    7432.81142    49055.6000    90898.2000
    7437.72182    49023.6000    91648.2000
    7442.66843    48983.6000    91912.2000
    7447.65138    48905.6000    91825.2000
    7452.67081    48822.6000    91595.2000
    7457.75644    48718.6000    91002.2000
    7462.84928    48669.6000    90468.2000
    7467.97901    48572.6000    90139.2000
    7473.14578    48593.6000    90089.2000
    7478.37950    48598.6000    89988.2000
    7483.62082    48566.6000    90002.2000
    7488.89962    48539.6000    90356.2000
    7494.21604    48414.6000    90450.2000
    7498.34315    72405.4000   135571.8000
    7503.73343    72430.4000   135842.8000
    7509.16177    72161.4000   135664.8000
    7514.62832    72258.4000   136316.8000
    7520.13324    72321.4000   136642.8000
    7525.67667    72355.4000   137100.8000
    7531.25879    72404.4000   137597.8000
    7536.87974    72371.4000   138032.8000
    7542.50940    72342.4000   138501.8000
    7548.20847    72269.4000   138991.8000
    7553.94685    72114.4000   139168.8000
    7559.69429    71893.4000   138538.8000
    7565.51177    71679.4000   137862.8000
    7571.33854    71506.4000   137199.8000
    7577.20520    71415.4000   137256.8000
    7583.11192    71355.4000   137350.8000
    7589.08955    71314.4000   137753.8000
    7595.07696    71169.4000   137740.8000
    7601.07416    71165.4000   137894.8000
    7607.14285    70712.4000   137442.8000
    7613.25248    71162.4000   138688.8000
    7619.37228    71114.4000   138886.8000
    7625.56425    71074.4000   138822.8000
    7631.76666    70869.4000   138453.8000
    7638.01062    70901.4000   139022.8000
    7644.29632    70832.4000   139279.8000
    7650.62394    70701.4000   139652.8000
    7656.99367    67948.4000   134975.8000
    7663.37440    68818.4000   137139.8000
    7669.82887    70419.4000   140987.8000
    7676.29461    70330.4000   141083.8000
    7682.80312    70250.4000   141311.8000
    7689.35459    70117.4000   141524.8000
    7695.94923    69992.4000   141296.8000
    7702.55558    69771.4000   140730.8000
    7709.23708    69681.4000   140127.8000
    7715.93058    68308.4000   137734.8000
    7722.66794    69706.4000   140624.8000
    7729.41749    69408.4000   140392.8000
    7736.24311    69271.4000   140377.8000
    7743.08121    69132.4000   140467.8000
    7749.96388    69275.4000   140832.8000
    7756.89133    68503.4000   139541.8000
    7763.83160    63870.4000   130151.8000
    7770.84918    67232.4000   137342.8000
    7777.87989    67424.4000   138154.8000
    7784.95612    67468.4000   138739.8000
    7792.04568    67441.4000   139114.8000
    7799.18107    67374.4000   139465.8000
    7806.36253    67319.4000   139593.8000
    7813.59026    67241.4000   139751.8000
    7820.86450    67028.4000   139450.8000
    7828.15276    63608.4000   132635.8000
    7835.48785    66893.4000   139729.8000
    7842.83718    66697.4000   139727.8000
    7850.26658    66489.4000   139379.8000
    7857.71055    66295.4000   139245.8000
    7865.16914    66100.4000   139016.8000
    7872.70857    65821.4000   138881.8000
    7880.26296    65704.4000   138997.8000
    7887.83235    65630.4000   139007.8000
    7895.48338    65576.4000   139231.8000
    7903.14976    65413.4000   139129.8000
    7910.86498    65037.4000   138836.8000
    7918.59578    64516.4000   138041.8000
    7926.37578    63986.4000   137529.8000
    7934.17159    63532.4000   136786.8000
    7942.05067    63145.4000   136227.8000
    7949.94593    62939.4000   136054.8000
    7957.85742    62760.4000   136034.8000
    7965.81911    62588.4000   135963.8000
    7973.83126    62303.4000   135571.8000
    7981.86007    61933.4000   135242.8000
    7989.93972    60702.4000   132770.8000
    7998.07048    61117.4000   133831.8000
    8006.21834    60845.4000   133721.8000
    8014.41770    60741.4000   133622.8000
    8022.63443    60650.4000   133757.8000
    8030.90305    60703.4000   134167.8000
    8039.18929    60735.4000   134418.8000
    8047.56247    60766.4000   134719.8000
    8055.91896    60532.4000   134656.8000
    8064.32817    60522.4000   135113.8000
    8072.79037    60495.4000   135706.8000
    8081.27092    60535.4000   135998.8000
    8089.80490    60495.4000   136229.8000
    8098.35748    59077.4000   133217.8000
    8106.96392    60283.4000   136423.8000
    8115.62449    60041.4000   136142.8000
    8124.26884    59803.4000   135992.8000
    8133.00302    59445.4000   135436.8000
    8141.75658    58966.4000   134652.8000
    8150.52960    58549.4000   133999.8000
    8159.35778    58286.4000   133647.8000
    8168.20570    58334.4000   134102.8000
    8177.10923    58443.4000   134554.8000
    8186.06867    58627.4000   135185.8000
    8195.04838    58696.4000   135825.8000
    8204.04842    58587.4000   135873.8000
    8213.10498    58515.4000   135980.8000
    8222.18218    58433.4000   136159.8000
    8231.31637    58381.4000   136382.8000
    8240.47150    58435.4000   136931.8000
    8249.68410    58530.4000   137518.8000
    8258.91795    58525.4000   137779.8000
    8268.17312    58475.4000   138060.8000
    8277.48640    58309.4000   138329.8000
    8286.82132    58073.4000   137993.8000
    8296.21484    57767.4000   137666.8000
    8305.63032    57382.4000   136951.8000
    8315.10490    57016.4000   136462.8000
    8324.60177    56664.4000   135879.8000
    8334.12100    56239.4000   135129.8000
    8343.70000    55820.4000   134552.8000
    8353.30170    55331.4000   133887.8000
    8362.96368    55053.4000   133405.8000
    8372.64869    54945.4000   133480.8000
    8382.35683    54508.4000   132978.8000
    8392.12594    55120.4000   134900.8000
    8401.91852    55203.4000   135380.8000
    8411.77260    55063.4000   135208.8000
    8421.61245    54794.4000   134845.8000
    8431.51416    54574.4000   134708.8000
    8441.47809    54282.4000   134162.8000
    8451.46627    54086.4000   134052.8000
    8461.47881    53852.4000   133868.8000
    8471.55429    53575.4000   133524.8000
    8481.61589    53464.4000   133629.8000
    8491.77949    53410.4000   133749.8000
