XDAC V1.2 Datafile V1
"fe73ga27.200" created on 6/28/02 at 10:40:53 PM on X-11A
Ring energy= 2.58 GeV
E0= 7112.00
NUM_REGIONS= 4
SRB= -200 -20 30 10k 19k
SRSS= 20 0.5 0.07k 0.07k
SPP= 1 1 2 3
Settling time= 0.50


Offsets= 10004.00 1332.20
Gains= 7.00 10.00
GaFe Sample #1029, Fe(72.74)Ga(27.26), 200K
single crystal slug, [100] face
I0: N2; If:100% Ar, Lytle detector
--------------------------------------------------------------------------------
        Energy            I0            If
    6911.98862    35122.0000      576.8000
    6932.00293    34876.0000      585.8000
    6952.01083    34700.0000      614.8000
    6972.01110    34479.0000      625.8000
    6992.00249    34380.0000      670.8000
    7012.00977    34401.0000      707.8000
    7032.00595    34346.0000      761.8000
    7051.98975    34035.0000      838.8000
    7072.01286    33761.0000     1013.8000
    7091.99496    33792.0000     1507.8000
    7092.50135    33815.0000     1531.8000
    7093.00782    33825.0000     1556.8000
    7093.48770    33838.0000     1575.8000
    7093.99431    33830.0000     1595.8000
    7094.50100    33835.0000     1639.8000
    7095.00777    33825.0000     1663.8000
    7095.48793    33831.0000     1676.8000
    7095.99484    33813.0000     1744.8000
    7096.50183    33835.0000     1764.8000
    7097.00889    33847.0000     1787.8000
    7097.48933    33855.0000     1822.8000
    7097.99654    33843.0000     1869.8000
    7098.50383    33828.0000     1917.8000
    7099.01119    33828.0000     1957.8000
    7099.49192    33824.0000     1984.8000
    7099.99942    33833.0000     2043.8000
    7100.50701    33835.0000     2104.8000
    7100.98794    33837.0000     2160.8000
    7101.49568    33844.0000     2207.8000
    7102.00348    33842.0000     2299.8000
    7102.51136    33851.0000     2363.8000
    7102.99258    33846.0000     2427.8000
    7103.50061    33857.0000     2535.8000
    7104.00872    33845.0000     2627.8000
    7104.49015    33846.0000     2723.8000
    7104.99840    33855.0000     2851.8000
    7105.50673    33854.0000     2962.8000
    7105.98838    33862.0000     3106.8000
    7106.49685    33856.0000     3287.8000
    7107.00541    33847.0000     3489.8000
    7107.48726    33857.0000     3694.8000
    7107.99596    33843.0000     4004.8000
    7108.50474    33834.0000     4356.8000
    7108.98680    33840.0000     4809.8000
    7109.49573    33822.0000     5445.8000
    7110.00473    33826.0000     6465.8000
    7110.48701    33820.0000     7978.8000
    7110.99615    33808.0000    10626.8000
    7111.50538    33786.0000    15074.8000
    7111.98787    33781.0000    18953.8000
    7112.49724    33755.0000    22326.8000
    7113.00669    33745.0000    24136.8000
    7113.48939    33733.0000    25359.8000
    7113.99899    33733.0000    26378.8000
    7114.50866    33698.0000    27159.8000
    7114.99157    33692.0000    28120.8000
    7115.50139    33697.0000    29317.8000
    7116.01129    33678.0000    31090.8000
    7116.49442    33683.0000    33031.8000
    7117.00446    33676.0000    34663.8000
    7117.48773    33684.0000    36102.8000
    7117.99792    33694.0000    37309.8000
    7118.50819    33700.0000    38528.8000
    7118.99167    33701.0000    39497.8000
    7119.50209    33722.0000    40511.8000
    7120.01258    33693.0000    41379.8000
    7120.49628    33705.0000    42101.8000
    7121.00692    33696.0000    42909.8000
    7121.49076    33703.0000    43492.8000
    7122.00155    33679.0000    44142.8000
    7122.51241    33660.0000    44633.8000
    7122.99646    33657.0000    45061.8000
    7123.50748    33643.0000    45609.8000
    7123.99167    33632.0000    46001.8000
    7124.50283    33629.0000    46471.8000
    7124.98716    33611.0000    46748.8000
    7125.49848    33602.0000    47267.8000
    7126.00987    33578.0000    47703.8000
    7126.49441    33580.0000    48194.8000
    7127.00595    33553.0000    48503.8000
    7127.49064    33480.0000    48935.8000
    7128.00232    33469.0000    49342.8000
    7128.48715    33458.0000    49645.8000
    7128.99899    33429.0000    49865.8000
    7129.51090    33414.0000    50027.8000
    7129.99594    33386.0000    50047.8000
    7130.50800    33372.0000    49938.8000
    7130.99318    33352.0000    49656.8000
    7131.50540    33306.0000    49382.8000
    7131.99072    33299.0000    49117.8000
    7132.50308    33277.0000    48919.8000
    7132.98855    33261.0000    48628.8000
    7133.50106    33241.0000    48430.8000
    7133.98666    33244.0000    48326.8000
    7134.49932    33232.0000    48278.8000
    7135.01206    33213.0000    48133.8000
    7135.49788    33215.0000    48176.8000
    7136.01076    33218.0000    48193.8000
    7136.49673    33209.0000    48243.8000
    7137.00976    33195.0000    48318.8000
    7137.49587    33181.0000    48350.8000
    7138.00905    33171.0000    48381.8000
    7138.49530    33172.0000    48481.8000
    7139.00863    33174.0000    48527.8000
    7139.49502    33171.0000    48543.8000
    7140.00850    33150.0000    48503.8000
    7140.49503    33149.0000    48566.8000
    7141.00867    33149.0000    48532.8000
    7141.49534    33137.0000    48525.8000
    7143.52388    66212.0000    97391.6000
    7145.06638    66146.0000    97924.6000
    7146.66373    66105.0000    98556.6000
    7148.28891    66032.0000    98845.6000
    7149.94197    65962.0000    99055.6000
    7151.65007    65939.0000    98947.6000
    7153.38615    65829.0000    98752.6000
    7155.17740    65848.0000    98733.6000
    7156.96959    65861.0000    98703.6000
    7158.84424    65857.0000    98729.6000
    7160.71991    65868.0000    98704.6000
    7162.65101    65850.0000    98973.6000
    7164.61043    65823.0000    99042.6000
    7166.62543    65824.0000    99041.6000
    7168.64162    65826.0000    99021.6000
    7170.74080    65850.0000    98808.6000
    7172.84126    65881.0000    98544.6000
    7174.99760    65907.0000    98113.6000
    7177.18262    65889.0000    97721.6000
    7179.39637    65943.0000    97923.6000
    7181.66625    65935.0000    97926.6000
    7183.96499    65918.0000    98213.6000
    7186.29267    65901.0000    98623.6000
    7188.67674    65905.0000    99100.6000
    7191.08989    65906.0000    99759.6000
    7193.53218    65885.0000   100073.6000
    7196.03113    65859.0000    99851.6000
    7198.55939    65859.0000    99450.6000
    7201.11700    65830.0000    98866.6000
    7203.70404    65810.0000    98479.6000
    7206.34812    65770.0000    98736.6000
    7209.02180    65786.0000   100234.6000
    7211.72514    65756.0000   101929.6000
    7214.45820    65729.0000   103264.6000
    7217.24870    65687.0000   103765.6000
    7220.06911    65619.0000   103388.6000
    7222.94719    65587.0000   102277.6000
    7225.82765    65557.0000   100901.6000
    7228.76597    65517.0000    99305.6000
    7231.73453    65528.0000    98415.6000
    7234.76119    65495.0000    97890.6000
    7237.79048    65432.0000    98218.6000
    7240.87807    65376.0000    98707.6000
    7243.99626    65345.0000    99310.6000
    7247.17300    65319.0000    99745.6000
    7250.35263    65286.0000    99737.6000
    7253.59104    65176.0000    99873.6000
    7256.86040    65112.0000   100296.6000
    7260.16082    63085.0000    97509.6000
    7263.52038    65355.0000   101637.6000
    7266.88318    65336.0000   102218.6000
    7270.30534    65291.0000   102934.6000
    7273.75895    65293.0000   103442.6000
    7277.27221    65247.0000   103735.6000
    7280.78901    65309.0000   104091.6000
    7284.36569    63944.0000   101966.6000
    7287.97424    65272.0000   103748.6000
    7291.61474    65233.0000   102708.6000
    7295.28729    65153.0000   101675.6000
    7299.02027    65074.0000   101043.6000
    7302.75723    64958.0000   100736.6000
    7306.55489    64961.0000   100889.6000
    7310.38503    64878.0000   100982.6000
    7314.24778    64829.0000   101073.6000
    7318.17166    64803.0000   101203.6000
    7322.09993    64690.0000   101172.6000
    7326.08960    64597.0000   101042.6000
    7330.11235    64529.0000   101134.6000
    7334.16827    64479.0000   101466.6000
    7338.25747    64424.0000   102067.6000
    7342.38005    64330.0000   102684.6000
    7346.53613    64210.0000   103259.6000
    7350.75453    64212.0000   103955.6000
    7354.97796    64180.0000   104441.6000
    7359.26401    64255.0000   104741.6000
    7363.58406    64335.0000   104637.6000
    7367.93825    64402.0000   104083.6000
    7372.32667    64374.0000   103202.6000
    7376.74945    64387.0000   102422.6000
    7381.23567    64398.0000   102267.6000
    7385.72756    64380.0000   102673.6000
    7390.25417    64336.0000   102896.6000
    7394.84469    64193.0000   103004.6000
    7399.47024    64033.0000   102945.6000
    7404.10181    63772.0000   102892.6000
    7408.79778    56983.0000    92078.6000
    7413.52916    64290.0000   104042.6000
    7418.29608    64114.0000   103828.6000
    7423.09868    63991.0000   103940.6000
    7427.93708    63908.0000   104242.6000
    7432.81142    63812.0000   104657.6000
    7437.72182    63735.0000   105119.6000
    7442.66843    63558.0000   105171.6000
    7447.65138    63488.0000   105133.6000
    7452.67081    63439.0000   105171.6000
    7457.75644    63288.0000   104715.6000
    7462.84928    63194.0000   104325.6000
    7467.97901    63132.0000   104126.6000
    7473.14578    63039.0000   103828.6000
    7478.37950    63017.0000   103910.6000
    7483.62082    62924.0000   103856.6000
    7488.89962    62872.0000   104020.6000
    7494.21604    62737.0000   103978.6000
    7498.34315    93911.0000   156002.4000
    7503.73343    93716.0000   155738.4000
    7509.16177    93571.0000   156150.4000
    7514.62832    93489.0000   156180.4000
    7520.13324    93403.0000   156498.4000
    7525.67667    93237.0000   156669.4000
    7531.25879    93020.0000   156753.4000
    7536.87974    92718.0000   156589.4000
    7542.50940    92550.0000   156850.4000
    7548.20847    92459.0000   157261.4000
    7553.94685    92269.0000   157199.4000
    7559.69429    92148.0000   157093.4000
    7565.51177    92118.0000   157113.4000
    7571.33854    92143.0000   157127.4000
    7577.20520    92161.0000   157372.4000
    7583.11192    92116.0000   157617.4000
    7589.08955    91809.0000   157139.4000
    7595.07696    91561.0000   157067.4000
    7601.07416    91325.0000   156859.4000
    7607.14285    91064.0000   156645.4000
    7613.25248    90918.0000   156608.4000
    7619.37228    90800.0000   156839.4000
    7625.56425    90597.0000   156798.4000
    7631.76666    90417.0000   156732.4000
    7638.01062    90384.0000   156880.4000
    7644.29632    90301.0000   157280.4000
    7650.62394    90184.0000   157559.4000
    7656.99367    89600.0000   156985.4000
    7663.37440    89712.0000   157727.4000
    7669.82887    89744.0000   158351.4000
    7676.29461    89548.0000   158301.4000
    7682.80312    89467.0000   158391.4000
    7689.35459    89354.0000   158364.4000
    7695.94923    89205.0000   158220.4000
    7702.55558    89100.0000   158295.4000
    7709.23708    88978.0000   158288.4000
    7715.93058    88166.0000   157136.4000
    7722.66794    89072.0000   159335.4000
    7729.41749    88778.0000   158963.4000
    7736.24311    88640.0000   159076.4000
    7743.08121    88577.0000   159144.4000
    7749.96388    88693.0000   159898.4000
    7756.89133    88896.0000   160405.4000
    7763.83160    81528.0000   147403.4000
    7770.84918    85660.0000   155230.4000
    7777.87989    86050.0000   156322.4000
    7784.95612    86067.0000   156823.4000
    7792.04568    86035.0000   157269.4000
    7799.18107    85710.0000   156969.4000
    7806.36253    85508.0000   156877.4000
    7813.59026    85251.0000   156797.4000
    7820.86450    84914.0000   156546.4000
    7828.15276    83562.0000   154325.4000
    7835.48785    84779.0000   157013.4000
    7842.83718    84629.0000   156921.4000
    7850.26658    84451.0000   156888.4000
    7857.71055    84296.0000   156823.4000
    7865.16914    84083.0000   156883.4000
    7872.70857    83844.0000   156708.4000
    7880.26296    83618.0000   156504.4000
    7887.83235    83305.0000   156326.4000
    7895.48338    83052.0000   156382.4000
    7903.14976    82759.0000   156208.4000
    7910.86498    82505.0000   156032.4000
    7918.59578    82290.0000   155988.4000
    7926.37578    82186.0000   156199.4000
    7934.17159    82087.0000   156360.4000
    7942.05067    81794.0000   156244.4000
    7949.94593    81235.0000   155569.4000
    7957.85742    80578.0000   154590.4000
    7965.81911    79805.0000   153520.4000
    7973.83126    79129.0000   152646.4000
    7981.86007    78395.0000   151468.4000
    7989.93972    77342.0000   149719.4000
    7998.07048    77778.0000   150941.4000
    8006.21834    77628.0000   151003.4000
    8014.41770    77376.0000   150781.4000
    8022.63443    76797.0000   150175.4000
    8030.90305    76356.0000   149492.4000
    8039.18929    75764.0000   148833.4000
    8047.56247    75382.0000   148269.4000
    8055.91896    74936.0000   147892.4000
    8064.32817    74910.0000   148262.4000
    8072.79037    74793.0000   148379.4000
    8081.27092    74725.0000   148548.4000
    8089.80490    74614.0000   148816.4000
    8098.35748    74089.0000   147980.4000
    8106.96392    74317.0000   148823.4000
    8115.62449    74387.0000   149234.4000
    8124.26884    73946.0000   148667.4000
    8133.00302    74092.0000   149491.4000
    8141.75658    74187.0000   150003.4000
    8150.52960    74072.0000   150046.4000
    8159.35778    73922.0000   150028.4000
    8168.20570    73723.0000   150088.4000
    8177.10923    73202.0000   149429.4000
    8186.06867    72575.0000   148358.4000
    8195.04838    72065.0000   147693.4000
    8204.04842    71795.0000   147552.4000
    8213.10498    71799.0000   147987.4000
    8222.18218    71929.0000   148664.4000
    8231.31637    72099.0000   149387.4000
    8240.47150    72083.0000   149669.4000
    8249.68410    72084.0000   150160.4000
    8258.91795    71908.0000   150167.4000
    8268.17312    71949.0000   150713.4000
    8277.48640    72077.0000   151367.4000
    8286.82132    72075.0000   151749.4000
    8296.21484    72110.0000   152241.4000
    8305.63032    71939.0000   152190.4000
    8315.10490    71726.0000   152074.4000
    8324.60177    71658.0000   152258.4000
    8334.12100    71419.0000   152166.4000
    8343.70000    70982.0000   151496.4000
    8353.30170    70432.0000   150876.4000
    8362.96368    69911.0000   150242.4000
    8372.64869    69387.0000   149458.4000
    8382.35683    68421.0000   147961.4000
    8392.12594    68287.0000   148063.4000
    8401.91852    67814.0000   147187.4000
    8411.77260    67304.0000   146349.4000
    8421.61245    67261.0000   146640.4000
    8431.51416    67416.0000   147365.4000
    8441.47809    67509.0000   147871.4000
    8451.46627    67467.0000   148220.4000
    8461.47881    67223.0000   147985.4000
    8471.55429    66937.0000   147863.4000
    8481.61589    66576.0000   147445.4000
    8491.77949    66094.0000   146667.4000
