XDAC V1.2 Datafile V1
"fe73ga27.101" created on 6/28/02 at 5:55:09 PM on X-11A
Ring energy= 2.58 GeV
E0= 7112.00
NUM_REGIONS= 4
SRB= -200 -20 30 10k 19k
SRSS= 20 0.5 0.07k 0.07k
SPP= 1 1 2 3
Settling time= 0.50


Offsets= 10006.20 1337.40
Gains= 7.00 10.00
GaFe Sample #1029, Fe(72.74)Ga(27.26), 100K
single crystal slug, [100] face
I0: N2; If:100% Ar, Lytle detector
--------------------------------------------------------------------------------
        Energy            I0            If
    6911.98862    24025.8000      364.6000
    6932.00293    23790.8000      378.6000
    6952.01083    23714.8000      399.6000
    6972.01110    23658.8000      424.6000
    6992.00249    23668.8000      440.6000
    7012.00977    23571.8000      472.6000
    7032.00595    23391.8000      519.6000
    7051.98975    23166.8000      592.6000
    7072.01286    23422.8000      752.6000
    7091.99496    23494.8000     1161.6000
    7092.50135    23503.8000     1183.6000
    7093.00782    23503.8000     1204.6000
    7093.48770    23502.8000     1217.6000
    7093.99431    23493.8000     1250.6000
    7094.50100    23484.8000     1279.6000
    7095.00777    23491.8000     1302.6000
    7095.48793    23478.8000     1326.6000
    7095.99484    23473.8000     1347.6000
    7096.50183    23474.8000     1379.6000
    7097.00889    23460.8000     1415.6000
    7097.48933    23461.8000     1462.6000
    7097.99654    23440.8000     1467.6000
    7098.50383    23436.8000     1530.6000
    7099.01119    23439.8000     1562.6000
    7099.49192    23423.8000     1598.6000
    7099.99942    23428.8000     1651.6000
    7100.50701    23417.8000     1700.6000
    7100.98794    23416.8000     1749.6000
    7101.49568    23424.8000     1810.6000
    7102.00348    23419.8000     1867.6000
    7102.51136    23407.8000     1927.6000
    7102.99258    23397.8000     2015.6000
    7103.50061    23384.8000     2091.6000
    7104.00872    23389.8000     2192.6000
    7104.49015    23383.8000     2294.6000
    7104.99840    23391.8000     2405.6000
    7105.50673    23388.8000     2528.6000
    7105.98838    23369.8000     2692.6000
    7106.49685    23378.8000     2879.6000
    7107.00541    23383.8000     3076.6000
    7107.48726    23383.8000     3356.6000
    7107.99596    23382.8000     3701.6000
    7108.50474    23367.8000     4176.6000
    7108.98680    23364.8000     4914.6000
    7109.49573    23353.8000     5920.6000
    7110.00473    23344.8000     8029.6000
    7110.48701    23328.8000    11046.6000
    7110.99615    23311.8000    14749.6000
    7111.50538    23296.8000    17539.6000
    7111.98787    23279.8000    19004.6000
    7112.49724    23264.8000    20227.6000
    7113.00669    23266.8000    20981.6000
    7113.48939    23267.8000    21698.6000
    7113.99899    23269.8000    22479.6000
    7114.50866    23267.8000    23301.6000
    7114.99157    23261.8000    24583.6000
    7115.50139    23263.8000    26071.6000
    7116.01129    23260.8000    27680.6000
    7116.49442    23253.8000    28887.6000
    7117.00446    23246.8000    29946.6000
    7117.48773    23222.8000    30843.6000
    7117.99792    23197.8000    31613.6000
    7118.50819    23189.8000    32396.6000
    7118.99167    23188.8000    33074.6000
    7119.50209    23182.8000    33825.6000
    7120.01258    23160.8000    34395.6000
    7120.49628    23150.8000    34838.6000
    7121.00692    23138.8000    35367.6000
    7121.49076    23136.8000    35768.6000
    7122.00155    23127.8000    36203.6000
    7122.51241    23114.8000    36543.6000
    7122.99646    23105.8000    36870.6000
    7123.50748    23077.8000    37251.6000
    7123.99167    23074.8000    37539.6000
    7124.50283    23071.8000    37900.6000
    7124.98716    23054.8000    38218.6000
    7125.49848    23049.8000    38679.6000
    7126.00987    23047.8000    39059.6000
    7126.49441    23039.8000    39349.6000
    7127.00595    23039.8000    39780.6000
    7127.49064    23029.8000    39986.6000
    7128.00232    23022.8000    40274.6000
    7128.48715    23035.8000    40392.6000
    7128.99899    23025.8000    40430.6000
    7129.51090    23022.8000    40364.6000
    7129.99594    23010.8000    40241.6000
    7130.50800    23007.8000    40040.6000
    7130.99318    23001.8000    39785.6000
    7131.50540    22995.8000    39601.6000
    7131.99072    22995.8000    39433.6000
    7132.50308    22994.8000    39251.6000
    7132.98855    23002.8000    39175.6000
    7133.50106    22998.8000    39107.6000
    7133.98666    23005.8000    39049.6000
    7134.49932    23004.8000    38965.6000
    7135.01206    22998.8000    39054.6000
    7135.49788    22999.8000    39063.6000
    7136.01076    22999.8000    39182.6000
    7136.49673    23005.8000    39240.6000
    7137.00976    23009.8000    39287.6000
    7137.49587    23011.8000    39349.6000
    7138.00905    23006.8000    39387.6000
    7138.49530    23011.8000    39387.6000
    7139.00863    23015.8000    39454.6000
    7139.49502    23016.8000    39424.6000
    7140.00850    23023.8000    39526.6000
    7140.49503    23034.8000    39575.6000
    7141.00867    23034.8000    39614.6000
    7141.49534    23040.8000    39625.6000
    7143.52388    46102.6000    79674.2000
    7145.06638    46118.6000    80313.2000
    7146.66373    46140.6000    80804.2000
    7148.28891    46168.6000    81126.2000
    7149.94197    46169.6000    81223.2000
    7151.65007    46199.6000    81228.2000
    7153.38615    46205.6000    81136.2000
    7155.17740    46202.6000    81108.2000
    7156.96959    46209.6000    81183.2000
    7158.84424    46220.6000    81159.2000
    7160.71991    46228.6000    81326.2000
    7162.65101    46141.6000    81289.2000
    7164.61043    46165.6000    81410.2000
    7166.62543    46170.6000    81473.2000
    7168.64162    46153.6000    81431.2000
    7170.74080    46155.6000    81225.2000
    7172.84126    46118.6000    80631.2000
    7174.99760    46099.6000    80229.2000
    7177.18262    46079.6000    80005.2000
    7179.39637    46040.6000    79999.2000
    7181.66625    46008.6000    80148.2000
    7183.96499    45983.6000    80405.2000
    7186.29267    45953.6000    80770.2000
    7188.67674    45923.6000    81217.2000
    7191.08989    45916.6000    81719.2000
    7193.53218    45893.6000    81782.2000
    7196.03113    45900.6000    81555.2000
    7198.55939    45890.6000    81056.2000
    7201.11700    45858.6000    80332.2000
    7203.70404    45826.6000    80059.2000
    7206.34812    45819.6000    80590.2000
    7209.02180    45803.6000    82010.2000
    7211.72514    45799.6000    83750.2000
    7214.45820    45782.6000    84893.2000
    7217.24870    45788.6000    85296.2000
    7220.06911    45796.6000    84709.2000
    7222.94719    45820.6000    83632.2000
    7225.82765    45825.6000    82350.2000
    7228.76597    45879.6000    81235.2000
    7231.73453    45911.6000    80494.2000
    7234.76119    45928.6000    80312.2000
    7237.79048    45873.6000    80580.2000
    7240.87807    45920.6000    81409.2000
    7243.99626    45914.6000    81926.2000
    7247.17300    45937.6000    82229.2000
    7250.35263    45904.6000    82067.2000
    7253.59104    45835.6000    82171.2000
    7256.86040    45703.6000    82479.2000
    7260.16082    45963.6000    83256.2000
    7263.52038    45886.6000    83576.2000
    7266.88318    45836.6000    84231.2000
    7270.30534    45784.6000    84963.2000
    7273.75895    45796.6000    85404.2000
    7277.27221    45771.6000    85734.2000
    7280.78901    45657.6000    85690.2000
    7284.36569    45534.6000    85564.2000
    7287.97424    45720.6000    85340.2000
    7291.61474    45683.6000    84210.2000
    7295.28729    45629.6000    83398.2000
    7299.02027    45571.6000    82818.2000
    7302.75723    45489.6000    82477.2000
    7306.55489    45452.6000    82691.2000
    7310.38503    45446.6000    82731.2000
    7314.24778    45449.6000    83056.2000
    7318.17166    45459.6000    83168.2000
    7322.09993    45457.6000    83464.2000
    7326.08960    45457.6000    83363.2000
    7330.11235    45482.6000    83590.2000
    7334.16827    45544.6000    83992.2000
    7338.25747    45555.6000    84580.2000
    7342.38005    45531.6000    85364.2000
    7346.53613    45510.6000    86181.2000
    7350.75453    45543.6000    86947.2000
    7354.97796    45526.6000    87278.2000
    7359.26401    45474.6000    87510.2000
    7363.58406    45454.6000    87149.2000
    7367.93825    45427.6000    86265.2000
    7372.32667    45366.6000    84918.2000
    7376.74945    45333.6000    84117.2000
    7381.23567    45314.6000    84017.2000
    7385.72756    45303.6000    84476.2000
    7390.25417    45291.6000    84894.2000
    7394.84469    45243.6000    85171.2000
    7399.47024    45154.6000    85137.2000
    7404.10181    44959.6000    85042.2000
    7408.79778    45129.6000    85659.2000
    7413.52916    45332.6000    86015.2000
    7418.29608    45261.6000    85959.2000
    7423.09868    45214.6000    86134.2000
    7427.93708    45185.6000    86462.2000
    7432.81142    45136.6000    87031.2000
    7437.72182    45058.6000    87459.2000
    7442.66843    45019.6000    87650.2000
    7447.65138    44963.6000    87722.2000
    7452.67081    44869.6000    87529.2000
    7457.75644    44774.6000    86995.2000
    7462.84928    44698.6000    86562.2000
    7467.97901    44633.6000    86347.2000
    7473.14578    44600.6000    86125.2000
    7478.37950    44587.6000    86100.2000
    7483.62082    44582.6000    86082.2000
    7488.89962    44566.6000    86457.2000
    7494.21604    44517.6000    86628.2000
    7498.34315    66661.4000   129944.8000
    7503.73343    66593.4000   130086.8000
    7509.16177    66499.4000   130222.8000
    7514.62832    66443.4000   130405.8000
    7520.13324    66422.4000   130633.8000
    7525.67667    66410.4000   131079.8000
    7531.25879    66510.4000   131659.8000
    7536.87974    66487.4000   131892.8000
    7542.50940    66485.4000   132501.8000
    7548.20847    66464.4000   132941.8000
    7553.94685    66360.4000   133105.8000
    7559.69429    66192.4000   132688.8000
    7565.51177    65997.4000   132112.8000
    7571.33854    65831.4000   131610.8000
    7577.20520    65678.4000   131405.8000
    7583.11192    65567.4000   131449.8000
    7589.08955    65487.4000   131614.8000
    7595.07696    65368.4000   131600.8000
    7601.07416    65351.4000   131843.8000
    7607.14285    64931.4000   131291.8000
    7613.25248    65381.4000   132610.8000
    7619.37228    65369.4000   132925.8000
    7625.56425    65349.4000   132964.8000
    7631.76666    65182.4000   132780.8000
    7638.01062    65225.4000   133352.8000
    7644.29632    65144.4000   133542.8000
    7650.62394    65014.4000   133785.8000
    7656.99367    62545.4000   129316.8000
    7663.37440    63289.4000   131380.8000
    7669.82887    64590.4000   134612.8000
    7676.29461    64433.4000   134790.8000
    7682.80312    64441.4000   135166.8000
    7689.35459    64338.4000   135161.8000
    7695.94923    64202.4000   134558.8000
    7702.55558    64088.4000   134181.8000
    7709.23708    63983.4000   133935.8000
    7715.93058    62686.4000   131392.8000
    7722.66794    64082.4000   134625.8000
    7729.41749    63855.4000   134414.8000
    7736.24311    63719.4000   134570.8000
    7743.08121    63455.4000   134197.8000
    7749.96388    63619.4000   134716.8000
    7756.89133    62986.4000   133557.8000
    7763.83160    58712.4000   124714.8000
    7770.84918    61791.4000   131658.8000
    7777.87989    61938.4000   132189.8000
    7784.95612    61901.4000   132536.8000
    7792.04568    61840.4000   132927.8000
    7799.18107    61720.4000   133124.8000
    7806.36253    61693.4000   133235.8000
    7813.59026    61649.4000   133347.8000
    7820.86450    61534.4000   133403.8000
    7828.15276    58423.4000   126833.8000
    7835.48785    61425.4000   133653.8000
    7842.83718    61235.4000   133594.8000
    7850.26658    61077.4000   133489.8000
    7857.71055    60913.4000   133364.8000
    7865.16914    60778.4000   133321.8000
    7872.70857    60632.4000   133243.8000
    7880.26296    60474.4000   133134.8000
    7887.83235    60260.4000   132910.8000
    7895.48338    60229.4000   133168.8000
    7903.14976    60113.4000   133285.8000
    7910.86498    59885.4000   133022.8000
    7918.59578    59479.4000   132559.8000
    7926.37578    58998.4000   131943.8000
    7934.17159    58496.4000   131099.8000
    7942.05067    58081.4000   130392.8000
    7949.94593    57795.4000   130209.8000
    7957.85742    57574.4000   129983.8000
    7965.81911    57412.4000   129892.8000
    7973.83126    57264.4000   129924.8000
    7981.86007    57028.4000   129590.8000
    7989.93972    55979.4000   127467.8000
    7998.07048    56307.4000   128468.8000
    8006.21834    55948.4000   127950.8000
    8014.41770    55681.4000   127681.8000
    8022.63443    55491.4000   127480.8000
    8030.90305    55467.4000   127810.8000
    8039.18929    55445.4000   128037.8000
    8047.56247    55472.4000   128279.8000
    8055.91896    55276.4000   128222.8000
    8064.32817    55248.4000   128623.8000
    8072.79037    55261.4000   128949.8000
    8081.27092    55294.4000   129478.8000
    8089.80490    55284.4000   129738.8000
    8098.35748    54020.4000   127095.8000
    8106.96392    55226.4000   130125.8000
    8115.62449    55067.4000   130009.8000
    8124.26884    54952.4000   130104.8000
    8133.00302    54763.4000   130074.8000
    8141.75658    54397.4000   129506.8000
    8150.52960    53971.4000   128689.8000
    8159.35778    53651.4000   128200.8000
    8168.20570    53595.4000   128433.8000
    8177.10923    53577.4000   128665.8000
    8186.06867    53686.4000   129404.8000
    8195.04838    53787.4000   129804.8000
    8204.04842    53771.4000   130077.8000
    8213.10498    53640.4000   129988.8000
    8222.18218    53416.4000   129784.8000
    8231.31637    53437.4000   130296.8000
    8240.47150    53325.4000   130324.8000
    8249.68410    53477.4000   131004.8000
    8258.91795    53550.4000   131677.8000
    8268.17312    53590.4000   132038.8000
    8277.48640    53477.4000   132252.8000
    8286.82132    53334.4000   132176.8000
    8296.21484    53113.4000   131878.8000
    8305.63032    52792.4000   131449.8000
    8315.10490    52510.4000   131099.8000
    8324.60177    52211.4000   130630.8000
    8334.12100    51817.4000   129864.8000
    8343.70000    51406.4000   129330.8000
    8353.30170    50918.4000   128228.8000
    8362.96368    50603.4000   127783.8000
    8372.64869    50380.4000   127684.8000
    8382.35683    49871.4000   126596.8000
    8392.12594    50399.4000   128559.8000
    8401.91852    50550.4000   129318.8000
    8411.77260    50471.4000   129264.8000
    8421.61245    50292.4000   129028.8000
    8431.51416    50145.4000   129024.8000
    8441.47809    49921.4000   128769.8000
    8451.46627    49718.4000   128442.8000
    8461.47881    49556.4000   128418.8000
    8471.55429    49314.4000   128142.8000
    8481.61589    49144.4000   127950.8000
    8491.77949    49012.4000   127997.8000
