XDAC V1.2 Datafile V1
"fe73ga27.102" created on 6/28/02 at 6:14:17 PM on X-11A
Ring energy= 2.58 GeV
E0= 7112.00
NUM_REGIONS= 4
SRB= -200 -20 30 10k 19k
SRSS= 20 0.5 0.07k 0.07k
SPP= 1 1 2 3
Settling time= 0.50


Offsets= 10006.20 1337.40
Gains= 7.00 10.00
GaFe Sample #1029, Fe(72.74)Ga(27.26), 100K
single crystal slug, [100] face
I0: N2; If:100% Ar, Lytle detector
--------------------------------------------------------------------------------
        Energy            I0            If
    6911.98862    23345.8000      365.6000
    6932.00293    23158.8000      374.6000
    6952.01083    23070.8000      390.6000
    6972.01110    23025.8000      399.6000
    6992.00249    23028.8000      430.6000
    7012.00977    22959.8000      451.6000
    7032.00595    22783.8000      497.6000
    7051.98975    22549.8000      567.6000
    7072.01286    22759.8000      726.6000
    7091.99496    22859.8000     1136.6000
    7092.50135    22862.8000     1159.6000
    7093.00782    22882.8000     1186.6000
    7093.48770    22891.8000     1200.6000
    7093.99431    22901.8000     1225.6000
    7094.50100    22896.8000     1253.6000
    7095.00777    22898.8000     1265.6000
    7095.48793    22882.8000     1297.6000
    7095.99484    22886.8000     1312.6000
    7096.50183    22890.8000     1350.6000
    7097.00889    22882.8000     1382.6000
    7097.48933    22867.8000     1412.6000
    7097.99654    22854.8000     1447.6000
    7098.50383    22850.8000     1480.6000
    7099.01119    22853.8000     1528.6000
    7099.49192    22848.8000     1575.6000
    7099.99942    22841.8000     1631.6000
    7100.50701    22838.8000     1670.6000
    7100.98794    22824.8000     1698.6000
    7101.49568    22829.8000     1766.6000
    7102.00348    22826.8000     1830.6000
    7102.51136    22823.8000     1888.6000
    7102.99258    22808.8000     1953.6000
    7103.50061    22792.8000     2033.6000
    7104.00872    22799.8000     2126.6000
    7104.49015    22781.8000     2230.6000
    7104.99840    22785.8000     2348.6000
    7105.50673    22783.8000     2471.6000
    7105.98838    22776.8000     2607.6000
    7106.49685    22779.8000     2772.6000
    7107.00541    22776.8000     3003.6000
    7107.48726    22780.8000     3254.6000
    7107.99596    22776.8000     3639.6000
    7108.50474    22772.8000     4079.6000
    7108.98680    22787.8000     4784.6000
    7109.49573    22762.8000     5790.6000
    7110.00473    22753.8000     7831.6000
    7110.48701    22748.8000    10745.6000
    7110.99615    22736.8000    14401.6000
    7111.50538    22722.8000    17127.6000
    7111.98787    22712.8000    18549.6000
    7112.49724    22697.8000    19736.6000
    7113.00669    22694.8000    20488.6000
    7113.48939    22695.8000    21162.6000
    7113.99899    22686.8000    21870.6000
    7114.50866    22678.8000    22745.6000
    7114.99157    22669.8000    24035.6000
    7115.50139    22675.8000    25449.6000
    7116.01129    22661.8000    27045.6000
    7116.49442    22661.8000    28236.6000
    7117.00446    22650.8000    29190.6000
    7117.48773    22638.8000    30103.6000
    7117.99792    22640.8000    30871.6000
    7118.50819    22633.8000    31683.6000
    7118.99167    22616.8000    32312.6000
    7119.50209    22609.8000    32946.6000
    7120.01258    22593.8000    33585.6000
    7120.49628    22580.8000    34032.6000
    7121.00692    22574.8000    34545.6000
    7121.49076    22570.8000    34942.6000
    7122.00155    22558.8000    35296.6000
    7122.51241    22522.8000    35669.6000
    7122.99646    22498.8000    35981.6000
    7123.50748    22504.8000    36382.6000
    7123.99167    22484.8000    36591.6000
    7124.50283    22485.8000    36951.6000
    7124.98716    22481.8000    37328.6000
    7125.49848    22469.8000    37659.6000
    7126.00987    22454.8000    38063.6000
    7126.49441    22448.8000    38428.6000
    7127.00595    22440.8000    38737.6000
    7127.49064    22435.8000    38943.6000
    7128.00232    22428.8000    39226.6000
    7128.48715    22421.8000    39418.6000
    7128.99899    22409.8000    39373.6000
    7129.51090    22407.8000    39307.6000
    7129.99594    22392.8000    39244.6000
    7130.50800    22387.8000    38938.6000
    7130.99318    22377.8000    38775.6000
    7131.50540    22367.8000    38579.6000
    7131.99072    22363.8000    38341.6000
    7132.50308    22351.8000    38214.6000
    7132.98855    22353.8000    38099.6000
    7133.50106    22359.8000    38054.6000
    7133.98666    22360.8000    37996.6000
    7134.49932    22360.8000    37979.6000
    7135.01206    22366.8000    38031.6000
    7135.49788    22358.8000    38035.6000
    7136.01076    22361.8000    38092.6000
    7136.49673    22364.8000    38156.6000
    7137.00976    22361.8000    38187.6000
    7137.49587    22362.8000    38273.6000
    7138.00905    22359.8000    38371.6000
    7138.49530    22367.8000    38392.6000
    7139.00863    22369.8000    38355.6000
    7139.49502    22378.8000    38501.6000
    7140.00850    22381.8000    38423.6000
    7140.49503    22380.8000    38413.6000
    7141.00867    22380.8000    38490.6000
    7141.49534    22388.8000    38564.6000
    7143.52388    44789.6000    77631.2000
    7145.06638    44818.6000    78188.2000
    7146.66373    44841.6000    78707.2000
    7148.28891    44870.6000    79014.2000
    7149.94197    44889.6000    79137.2000
    7151.65007    44899.6000    79050.2000
    7153.38615    44913.6000    79016.2000
    7155.17740    44908.6000    78971.2000
    7156.96959    44883.6000    78929.2000
    7158.84424    44855.6000    78962.2000
    7160.71991    44901.6000    79051.2000
    7162.65101    44903.6000    79177.2000
    7164.61043    44893.6000    79305.2000
    7166.62543    44899.6000    79224.2000
    7168.64162    44881.6000    79174.2000
    7170.74080    44900.6000    79075.2000
    7172.84126    44887.6000    78647.2000
    7174.99760    44878.6000    78176.2000
    7177.18262    44871.6000    78072.2000
    7179.39637    44858.6000    78093.2000
    7181.66625    44821.6000    78134.2000
    7183.96499    44790.6000    78393.2000
    7186.29267    44760.6000    78823.2000
    7188.67674    44741.6000    79202.2000
    7191.08989    44738.6000    79684.2000
    7193.53218    44721.6000    79809.2000
    7196.03113    44707.6000    79456.2000
    7198.55939    44701.6000    79071.2000
    7201.11700    44669.6000    78425.2000
    7203.70404    44656.6000    78081.2000
    7206.34812    44632.6000    78723.2000
    7209.02180    44611.6000    80139.2000
    7211.72514    44591.6000    81713.2000
    7214.45820    44547.6000    82740.2000
    7217.24870    44524.6000    82988.2000
    7220.06911    44491.6000    82389.2000
    7222.94719    44507.6000    81313.2000
    7225.82765    44425.6000    79980.2000
    7228.76597    44471.6000    78863.2000
    7231.73453    44536.6000    78030.2000
    7234.76119    44536.6000    77934.2000
    7237.79048    44555.6000    78357.2000
    7240.87807    44547.6000    78908.2000
    7243.99626    44587.6000    79637.2000
    7247.17300    44628.6000    79848.2000
    7250.35263    44591.6000    79802.2000
    7253.59104    44521.6000    79985.2000
    7256.86040    44430.6000    80265.2000
    7260.16082    44689.6000    81108.2000
    7263.52038    44604.6000    81253.2000
    7266.88318    44566.6000    81970.2000
    7270.30534    44497.6000    82605.2000
    7273.75895    44481.6000    83007.2000
    7277.27221    44477.6000    83312.2000
    7280.78901    44477.6000    83661.2000
    7284.36569    44294.6000    83250.2000
    7287.97424    44454.6000    83010.2000
    7291.61474    44415.6000    82036.2000
    7295.28729    44333.6000    81006.2000
    7299.02027    44281.6000    80541.2000
    7302.75723    44221.6000    80191.2000
    7306.55489    44181.6000    80356.2000
    7310.38503    44157.6000    80514.2000
    7314.24778    44143.6000    80535.2000
    7318.17166    44136.6000    80817.2000
    7322.09993    44137.6000    80858.2000
    7326.08960    44129.6000    80891.2000
    7330.11235    44137.6000    80947.2000
    7334.16827    44201.6000    81499.2000
    7338.25747    44240.6000    82192.2000
    7342.38005    44271.6000    83096.2000
    7346.53613    44282.6000    83862.2000
    7350.75453    44303.6000    84616.2000
    7354.97796    44321.6000    85178.2000
    7359.26401    44315.6000    85465.2000
    7363.58406    44258.6000    84997.2000
    7367.93825    44147.6000    83889.2000
    7372.32667    44098.6000    82663.2000
    7376.74945    44075.6000    81835.2000
    7381.23567    44035.6000    81629.2000
    7385.72756    44030.6000    82087.2000
    7390.25417    43999.6000    82481.2000
    7394.84469    43960.6000    82770.2000
    7399.47024    43862.6000    82719.2000
    7404.10181    43665.6000    82675.2000
    7408.79778    43851.6000    83216.2000
    7413.52916    44026.6000    83672.2000
    7418.29608    43928.6000    83484.2000
    7423.09868    43908.6000    83604.2000
    7427.93708    43868.6000    84024.2000
    7432.81142    43810.6000    84540.2000
    7437.72182    43766.6000    85046.2000
    7442.66843    43728.6000    85264.2000
    7447.65138    43688.6000    85328.2000
    7452.67081    43665.6000    85236.2000
    7457.75644    43578.6000    84737.2000
    7462.84928    43524.6000    84534.2000
    7467.97901    43473.6000    84148.2000
    7473.14578    43435.6000    83980.2000
    7478.37950    43413.6000    83854.2000
    7483.62082    43404.6000    83865.2000
    7488.89962    43389.6000    84255.2000
    7494.21604    43359.6000    84540.2000
    7498.34315    64954.4000   126780.8000
    7503.73343    64889.4000   126742.8000
    7509.16177    64784.4000   126838.8000
    7514.62832    64690.4000   127105.8000
    7520.13324    64533.4000   127162.8000
    7525.67667    64529.4000   127496.8000
    7531.25879    64578.4000   127921.8000
    7536.87974    64572.4000   128367.8000
    7542.50940    64610.4000   128894.8000
    7548.20847    64610.4000   129310.8000
    7553.94685    64538.4000   129548.8000
    7559.69429    64417.4000   129371.8000
    7565.51177    64189.4000   128618.8000
    7571.33854    64062.4000   128224.8000
    7577.20520    63791.4000   127760.8000
    7583.11192    63658.4000   127717.8000
    7589.08955    63638.4000   128163.8000
    7595.07696    63483.4000   128063.8000
    7601.07416    63415.4000   128077.8000
    7607.14285    62950.4000   127499.8000
    7613.25248    63362.4000   128615.8000
    7619.37228    63350.4000   128910.8000
    7625.56425    63320.4000   129064.8000
    7631.76666    63163.4000   128845.8000
    7638.01062    63213.4000   129378.8000
    7644.29632    63137.4000   129622.8000
    7650.62394    62997.4000   129746.8000
    7656.99367    60639.4000   125514.8000
    7663.37440    61417.4000   127632.8000
    7669.82887    62688.4000   130894.8000
    7676.29461    62628.4000   131020.8000
    7682.80312    62631.4000   131542.8000
    7689.35459    62564.4000   131566.8000
    7695.94923    62450.4000   131076.8000
    7702.55558    62339.4000   130601.8000
    7709.23708    62209.4000   130372.8000
    7715.93058    60956.4000   127926.8000
    7722.66794    62334.4000   131134.8000
    7729.41749    62143.4000   130953.8000
    7736.24311    62013.4000   130991.8000
    7743.08121    61878.4000   130903.8000
    7749.96388    61936.4000   131214.8000
    7756.89133    61324.4000   130126.8000
    7763.83160    57117.4000   121522.8000
    7770.84918    60143.4000   128166.8000
    7777.87989    60305.4000   128875.8000
    7784.95612    60280.4000   129110.8000
    7792.04568    60181.4000   129461.8000
    7799.18107    60059.4000   129640.8000
    7806.36253    60037.4000   129591.8000
    7813.59026    59983.4000   129836.8000
    7820.86450    59797.4000   129777.8000
    7828.15276    56829.4000   123510.8000
    7835.48785    59708.4000   129976.8000
    7842.83718    59535.4000   130042.8000
    7850.26658    59422.4000   129866.8000
    7857.71055    59251.4000   129713.8000
    7865.16914    59069.4000   129505.8000
    7872.70857    58847.4000   129427.8000
    7880.26296    58708.4000   129304.8000
    7887.83235    58575.4000   129312.8000
    7895.48338    58532.4000   129559.8000
    7903.14976    58475.4000   129685.8000
    7910.86498    58341.4000   129691.8000
    7918.59578    58025.4000   129383.8000
    7926.37578    57576.4000   128896.8000
    7934.17159    57103.4000   128200.8000
    7942.05067    56651.4000   127464.8000
    7949.94593    56252.4000   126854.8000
    7957.85742    55984.4000   126395.8000
    7965.81911    55792.4000   126441.8000
    7973.83126    55601.4000   126084.8000
    7981.86007    55350.4000   126055.8000
    7989.93972    54307.4000   123834.8000
    7998.07048    54730.4000   125074.8000
    8006.21834    54320.4000   124384.8000
    8014.41770    53980.4000   123725.8000
    8022.63443    53779.4000   123646.8000
    8030.90305    53762.4000   123863.8000
    8039.18929    53750.4000   124249.8000
    8047.56247    53812.4000   124545.8000
    8055.91896    53686.4000   124610.8000
    8064.32817    53596.4000   124796.8000
    8072.79037    53612.4000   125207.8000
    8081.27092    53657.4000   125614.8000
    8089.80490    53632.4000   125943.8000
    8098.35748    52429.4000   123378.8000
    8106.96392    53619.4000   126521.8000
    8115.62449    53439.4000   126438.8000
    8124.26884    53302.4000   126436.8000
    8133.00302    53105.4000   126210.8000
    8141.75658    52793.4000   125764.8000
    8150.52960    52354.4000   124875.8000
    8159.35778    52000.4000   124482.8000
    8168.20570    51890.4000   124410.8000
    8177.10923    51808.4000   124436.8000
    8186.06867    51887.4000   124954.8000
    8195.04838    51986.4000   125489.8000
    8204.04842    52014.4000   125803.8000
    8213.10498    51961.4000   126086.8000
    8222.18218    51845.4000   126185.8000
    8231.31637    51762.4000   126446.8000
    8240.47150    51760.4000   126657.8000
    8249.68410    51825.4000   127232.8000
    8258.91795    51902.4000   127655.8000
    8268.17312    52022.4000   128354.8000
    8277.48640    51983.4000   128760.8000
    8286.82132    51856.4000   128711.8000
    8296.21484    51563.4000   128182.8000
    8305.63032    51345.4000   127996.8000
    8315.10490    51080.4000   127573.8000
    8324.60177    50756.4000   127102.8000
    8334.12100    50364.4000   126408.8000
    8343.70000    49972.4000   125695.8000
    8353.30170    49500.4000   124871.8000
    8362.96368    49165.4000   124290.8000
    8372.64869    48915.4000   124025.8000
    8382.35683    48383.4000   122977.8000
    8392.12594    48818.4000   124722.8000
    8401.91852    48934.4000   125335.8000
    8411.77260    48937.4000   125475.8000
    8421.61245    48802.4000   125419.8000
    8431.51416    48730.4000   125465.8000
    8441.47809    48503.4000   125181.8000
    8451.46627    48276.4000   124859.8000
    8461.47881    48103.4000   124783.8000
    8471.55429    47848.4000   124402.8000
    8481.61589    47638.4000   124323.8000
    8491.77949    47456.4000   124036.8000
